*-----------------------------------------------------------
*  Station Name: TEST2
*  ORYZA Weather file - by https://github.com/jrodriguez88
*  Longitude: -76.5 -- Latitude: 3.8 -- Elevation: 650m
*-----------------------------------------------------------
*  Date: 2013-01-01 : 2016-12-31
*
*  Column    Daily Value
*     1      Station number
*     2      Year
*     3      Day
*     4      irradiance         KJ m-2 d-1
*     5      min temperature            oC
*     6      max temperature            oC
*     7      vapor pressure            kPa
*     8      mean wind speed         m s-1
*     9      precipitation          mm d-1
*-----------------------------------------------------------
-76.5,3.8,650,0,0
1,2013,1,20889.29,25.73,36.03,3.07,-99,0
1,2013,2,21632.15,25.08,35.68,3.31,-99,0.2
1,2013,3,23106.91,23.99,38.49,3.01,-99,0
1,2013,4,21408.98,22.91,35.71,2.98,-99,0
1,2013,5,22908.94,23.81,38.81,3.43,-99,0
1,2013,6,24159.16,22.71,37.21,3,-99,1.2
1,2013,7,22949.84,23.74,38.44,2.93,-99,0
1,2013,8,22105.74,22.48,34.68,3.06,-99,0
1,2013,9,22689.82,23.95,38.95,3.58,-99,0
1,2013,10,22777.98,24.23,38.93,3.61,-99,0
1,2013,11,21718.21,24.65,36.95,3.21,-99,0
1,2013,12,20806.88,26.84,36.24,3.27,-99,0
1,2013,13,20765.46,26.19,35.69,3.34,-99,0
1,2013,14,17485.02,25.72,34.62,3.13,-99,0
1,2013,15,21886.55,24.5,34.9,3.13,-99,0
1,2013,16,20883.31,25.71,35.91,3.11,-99,0
1,2013,17,21146.86,23.14,35.34,3.05,-99,0
1,2013,18,22274.49,22.73,35.53,3.14,-99,0
1,2013,19,22811.2,24.45,38.95,3.82,-99,0
1,2013,20,21348.84,24.94,34.44,3.38,-99,0
1,2013,21,21618.19,26.28,35.78,3.28,-99,0
1,2013,22,20912.65,24.42,35.52,3.12,-99,0
1,2013,23,22305.88,23.72,36.82,2.99,-99,5.8
1,2013,24,21852.5,24.5,35,3.15,-99,0
1,2013,25,19299.93,23.74,32.54,3.19,-99,0
1,2013,26,18756.49,24.49,32.49,3.21,-99,0.2
1,2013,27,21286.29,22.85,32.35,3.24,-99,0
1,2013,28,20001.76,23.75,32.35,3.22,-99,25.4
1,2013,29,21341.19,24.2,34.7,3.21,-99,23
1,2013,30,22176.78,25.59,35.79,3.25,-99,0
1,2013,31,18325.79,24.06,32.76,3.14,-99,0
1,2013,32,21613.81,23.39,36.69,3.05,-99,0
1,2013,33,19515.37,21.76,30.86,3.03,-99,3
1,2013,34,20850.28,22.22,35.52,3,-99,0
1,2013,35,20747,24.55,35.45,3.25,-99,0
1,2013,36,18793.45,22.69,31.09,3.11,-99,1.6
1,2013,37,18266.61,23.39,31.69,3.13,-99,3.8
1,2013,38,21473.36,23.9,33.8,3.3,-99,0
1,2013,39,10752.66,23.3,29,3.01,-99,2
1,2013,40,17697.54,22.7,30.7,3.05,-99,0
1,2013,41,12788.41,22.8,30.7,3.2,-99,3.2
1,2013,42,21128.61,25.82,37.52,3.22,-99,16
1,2013,43,21113.24,25.98,36.38,3.08,-99,3.6
1,2013,44,20988.8,23.77,34.77,3.12,-99,0
1,2013,45,19067.14,24.55,33.95,3.17,-99,0
1,2013,46,20279.84,25.27,35.17,3.1,-99,0
1,2013,47,16208.71,28.06,35.66,3,-99,0
1,2013,48,18764.89,24.54,32.94,3.28,-99,0
1,2013,49,17437.4,27.51,35.61,3.11,-99,1
1,2013,50,20591.18,23.52,33.22,3.1,-99,0.2
1,2013,51,17570.74,27.2,35.7,3.2,-99,0
1,2013,52,18670.99,25.49,33.69,3.13,-99,1.8
1,2013,53,19553.74,25.31,34.21,3.3,-99,0
1,2013,54,18968.39,25.07,33.17,3.19,-99,0
1,2013,55,12341.49,23.24,28.54,2.99,-99,0
1,2013,56,19628.37,23.77,32.67,3.18,-99,0.4
1,2013,57,21904.86,23.7,32.7,3.23,-99,0
1,2013,58,20139.55,24.45,34.15,3.2,-99,0
1,2013,59,21316.54,26.66,36.56,3.43,-99,3
1,2013,60,21604.64,24.4,34.8,3.16,-99,0
1,2013,61,21554.44,25.25,35.35,3.35,-99,3.6
1,2013,62,20271.65,23.24,33.84,3.11,-99,0
1,2013,63,20016.66,22.49,32.99,3.14,-99,0
1,2013,64,20575.76,24.76,34.26,3.22,-99,10.8
1,2013,65,21987.84,24.48,35.28,3.29,-99,0.4
1,2013,66,20917.6,23.59,33.99,3.15,-99,0
1,2013,67,21772.91,23.38,33.48,3.16,-99,17
1,2013,68,21123.49,24.56,34.56,3.32,-99,0
1,2013,69,21597.14,24.99,34.79,3.3,-99,0
1,2013,70,21630.66,24.87,34.87,3.34,-99,5
1,2013,71,19988.18,23.06,33.06,3.15,-99,0
1,2013,72,20606.3,23.83,34.23,3.2,-99,0.4
1,2013,73,20446.87,23.05,32.05,3.16,-99,0.8
1,2013,74,18672.2,23.87,32.17,3.17,-99,0
1,2013,75,19969.23,21.9,31.2,3.05,-99,0
1,2013,76,17109.79,24.7,31.9,3.34,-99,1.6
1,2013,77,19709.61,23,32,3.15,-99,0.4
1,2013,78,20147.72,22.4,30.6,3.04,-99,18.4
1,2013,79,19920.73,23.8,31.7,3.19,-99,0
1,2013,80,9209.36,23.9,29.4,3.16,-99,3.6
1,2013,81,13940.24,23.7,30.2,3.11,-99,0
1,2013,82,9386.04,24.3,28.9,3.15,-99,0
1,2013,83,23564.27,22.9,33,3.32,-99,0
1,2013,84,23719.32,22.8,33.3,3.3,-99,0.4
1,2013,85,22893.58,24.9,33.9,3.36,-99,0
1,2013,86,21728.89,24,34.4,3.2,-99,0
1,2013,87,17924.71,24.9,32.9,3.21,-99,0
1,2013,88,22533,24.6,32.9,3.22,-99,0.6
1,2013,89,17913.89,25.2,34.4,3.25,-99,0
1,2013,90,21992.12,23.9,35.3,3.21,-99,0
1,2013,91,20452.42,24.6,35.5,3.24,-99,0
1,2013,92,12036.35,23.8,32.1,3.1,-99,0
1,2013,93,18090.58,24.2,33.2,3.27,-99,0
1,2013,94,17787.69,25.7,33.5,3.35,-99,0
1,2013,95,18948.78,25.4,33,3.48,-99,4
1,2013,96,22633.96,25,35.2,3.47,-99,4.6
1,2013,97,20319,23.2,33,3.3,-99,0.2
1,2013,98,13637.35,25.1,29.9,3.19,-99,0.2
1,2013,99,20510.11,22.7,33.8,3.23,-99,0
1,2013,100,21494.51,24.9,34.5,3.25,-99,0
1,2013,101,23041.42,24.6,34.8,3.29,-99,0
1,2013,102,20163.95,25.7,33.8,3.35,-99,0
1,2013,103,21516.15,25.6,36.2,3.51,-99,0
1,2013,104,14870.55,26.4,34.1,3.38,-99,0
1,2013,105,14142.17,24.8,31.9,3.06,-99,0
1,2013,106,23639.99,24.4,37.9,3.5,-99,0
1,2013,107,24429.68,25.1,35.4,3.13,-99,3.2
1,2013,108,24054.67,23.7,35.4,3.37,-99,1.4
1,2013,109,16990.8,22.7,30.7,3.13,-99,7
1,2013,110,27033.11,22.4,32.6,3.08,-99,0.6
1,2013,111,9937.74,20.9,35.57,3.72,-99,37.4
1,2013,112,18999.26,23.4,31.9,3.25,-99,0
1,2013,113,16835.74,21.8,29.5,2.94,-99,30.2
1,2013,114,25414.08,22.7,33.2,3.08,-99,1.4
1,2013,115,24811.9,22.2,34.1,3.08,-99,0
1,2013,116,24674.88,22.5,33.7,2.98,-99,0
1,2013,117,23632.78,23.1,34.7,3.28,-99,0
1,2013,118,21361.09,23.6,33.4,3.04,-99,0
1,2013,119,15097.72,22.9,31.3,3.07,-99,0.2
1,2013,120,22511.36,23.9,33.7,3.22,-99,0
1,2013,121,17376.62,21.9,30.5,3.02,-99,27.6
1,2013,122,21494.51,24.4,33.3,3.38,-99,0.4
1,2013,123,13792.4,20.9,28.6,2.85,-99,53.6
1,2013,124,22969.31,22.7,32.6,3.17,-99,18.6
1,2013,125,11733.46,22.1,27.7,2.84,-99,8
1,2013,126,17441.53,23.8,30.4,3.2,-99,1.4
1,2013,127,9322.15,23.4,26.1,2.85,-99,2.2
1,2013,128,22002.94,22.6,31.1,3.1,-99,0.2
1,2013,129,11791.15,24.1,29.8,3.13,-99,0
1,2013,130,19648.31,23.2,31.8,3.14,-99,0
1,2013,131,18710.79,22.6,31.4,3.2,-99,9
1,2013,132,19197.58,23.8,31.9,3.26,-99,0
1,2013,133,12606.07,23.9,30.4,3.25,-99,1.8
1,2013,134,14592.9,24.8,31.9,3.38,-99,0.2
1,2013,135,13875.34,21.8,29.1,2.96,-99,18.8
1,2013,136,18516.07,24.6,32.1,3.39,-99,1.2
1,2013,137,9310.32,22.8,28.1,2.99,-99,5.2
1,2013,138,23239.74,23.2,32.5,3.31,-99,0
1,2013,139,9047.09,22.6,28,2.92,-99,9.2
1,2013,140,24454.92,21.6,32.8,3.13,-99,2.4
1,2013,141,12014.71,22.2,28.6,3.01,-99,13.4
1,2013,142,17131.42,23.4,31.8,3.26,-99,0
1,2013,143,19947.6,22.2,29.4,2.94,-99,2.6
1,2013,144,15360.95,23.8,29.3,3.08,-99,0.2
1,2013,145,20614.68,23.7,32.6,3.31,-99,0.2
1,2013,146,13489.51,22.4,28.9,2.9,-99,0.6
1,2013,147,17744.42,23.9,32.3,3.35,-99,0
1,2013,148,12010.03,22.9,33.28,3.64,-99,9
1,2013,149,19359.84,22.2,30.9,3.17,-99,0
1,2013,150,14077.26,23.6,29.5,3.12,-99,20
1,2013,151,18840.6,23.4,31.2,3.21,-99,0.4
1,2013,152,21429.6,23.1,31.6,3.11,-99,1.4
1,2013,153,24379.2,21.9,32.7,3.13,-99,0
1,2013,154,15627.78,22.9,32.2,3.15,-99,0
1,2013,155,21130.32,21.8,34.1,3.04,-99,0
1,2013,156,22305.83,23.5,33.8,3.01,-99,0
1,2013,157,19532.92,22.4,32.2,3.01,-99,0
1,2013,158,19352.63,22.4,33.7,3.15,-99,0
1,2013,159,19107.43,21.4,33.8,2.84,-99,0
1,2013,160,19464.41,21.8,34.1,2.92,-99,0
1,2013,161,15072.48,22.8,33.1,3.1,-99,0
1,2013,162,19853.85,21.7,32.7,3,-99,0
1,2013,163,19839.42,23.2,32.5,3.13,-99,0.8
1,2013,164,21094.26,23.2,33.6,3.15,-99,0
1,2013,165,19460.81,23.3,35.1,3.19,-99,0
1,2013,166,19060.56,22.4,34.4,3.06,-99,0
1,2013,167,23971.73,24.2,34.7,3.16,-99,0
1,2013,168,18873.05,23.7,34.2,3.25,-99,0
1,2013,169,19792.55,23.3,34.4,3.28,-99,0
1,2013,170,15072.48,23.3,34.3,3.24,-99,0
1,2013,171,21032.96,24,35.2,3.2,-99,0
1,2013,172,21317.82,21.7,34.7,2.93,-99,0
1,2013,173,18166.3,22.8,34.4,3.1,-99,0
1,2013,174,17019.64,24.3,34,3.45,-99,14.4
1,2013,175,16633.82,24.4,32.4,3.09,-99,0
1,2013,176,22590.69,23.2,33.3,3.21,-99,0.4
1,2013,177,21454.85,24.6,34.9,3.43,-99,0
1,2013,178,19367.06,23.3,33.6,3.26,-99,5.2
1,2013,179,21617.11,24.6,33.1,2.9,-99,0
1,2013,180,20856.27,23.3,33,3.2,-99,0
1,2013,181,16359.77,22.25,28.8,2.92,-99,95.6
1,2013,182,15360.95,23.1,30.7,3.19,-99,0.8
1,2013,183,18782.91,21.9,32.2,3.05,-99,0
1,2013,184,18115.82,22.3,32.5,3.16,-99,0.2
1,2013,185,19067.77,23.1,31.8,3.13,-99,0
1,2013,186,17553.31,21,29.4,2.82,-99,16.2
1,2013,187,23008.97,23,34.6,3.01,-99,0
1,2013,188,20834.64,21.3,34.6,2.93,-99,0
1,2013,189,23091.9,22.7,33.8,2.97,-99,0.8
1,2013,190,17780.48,23.3,31.7,2.73,-99,0
1,2013,191,14253.95,23.4,29.8,2.62,-99,0
1,2013,192,20109.86,21.8,32.7,2.8,-99,0.4
1,2013,193,19731.25,22.1,31.9,2.98,-99,0.6
1,2013,194,22305.83,22.4,34.7,3.05,-99,0
1,2013,195,22525.79,23.5,35.3,3.09,-99,0
1,2013,196,16633.82,22.9,33.1,3.03,-99,0.2
1,2013,197,17153.06,23.8,32.8,2.68,-99,0
1,2013,198,22983.73,23.7,34.6,2.69,-99,0
1,2013,199,14358.52,23.4,32.5,2.81,-99,0
1,2013,200,11037.53,23.2,30.8,2.95,-99,0
1,2013,201,16626.6,23.1,32.7,2.99,-99,0
1,2013,202,19778.12,22.2,35.7,2.93,-99,0
1,2013,203,18800.94,22.8,35.8,2.95,-99,0
1,2013,204,19370.66,21.2,32.2,3.04,-99,20.2
1,2013,205,23030.61,22.3,35.2,2.96,-99,0
1,2013,206,19399.51,21.6,33.2,2.58,-99,0
1,2013,207,19951.2,24.4,33.2,2.43,-99,0
1,2013,208,22298.62,23.3,34.8,2.34,-99,0
1,2013,209,20798.58,24.1,34.8,2.27,-99,0
1,2013,210,21563.02,24.8,35.3,2.45,-99,0
1,2013,211,13886.15,24.4,32.7,2.41,-99,0
1,2013,212,20189.19,22.9,36,2.88,-99,0
1,2013,213,20932,21.7,34.9,2.79,-99,0
1,2013,214,19410.33,22.3,33.3,2.9,-99,2.2
1,2013,215,14751.56,23.7,35.4,3.18,-99,0
1,2013,216,21018.54,23.5,33.8,2.75,-99,0
1,2013,217,19183.16,21.3,35.1,2.97,-99,0
1,2013,218,24137.6,24.1,36.7,2.94,-99,0
1,2013,219,14838.1,23.1,31.7,2.81,-99,0.2
1,2013,220,16532.85,22.4,33.1,3.13,-99,0.4
1,2013,221,21252.92,23,34.2,3.03,-99,0
1,2013,222,17704.76,21.6,31,2.95,-99,24.8
1,2013,223,16287.65,23.8,30.7,3.11,-99,1
1,2013,224,25882.84,23.2,34.9,3.16,-99,0.2
1,2013,225,19940.39,23.1,31.8,3.16,-99,9.8
1,2013,226,23200.08,23.7,33.3,3.04,-99,0
1,2013,227,20081.01,23.8,34.1,2.91,-99,0
1,2013,228,25662.88,23.2,36.5,2.8,-99,0
1,2013,229,15930.67,24.6,32.9,2.98,-99,0.6
1,2013,230,17867.02,23.1,32.4,2.91,-99,0
1,2013,231,22155.74,24.9,37.4,3.28,-99,0
1,2013,232,21688.38,25.6,38.2,3.18,-99,0
1,2013,233,18891.08,22.2,33.7,2.7,-99,0
1,2013,234,23549.85,22.3,34.9,2.82,-99,0
1,2013,235,13821.25,22.4,32.7,2.92,-99,0
1,2013,236,15202.29,22.8,32.1,3.02,-99,0
1,2013,237,20257.7,23.6,32.9,3.13,-99,0
1,2013,238,15332.1,23.4,31,2.91,-99,0.2
1,2013,239,18656.7,20.7,34.7,2.82,-99,0
1,2013,240,20225.25,23.6,35.2,2.81,-99,0
1,2013,241,13045.99,24,32.9,2.38,-99,0
1,2013,242,17315.32,22.2,35.8,2.48,-99,0
1,2013,243,24490.98,22.9,37.1,2.95,-99,0
1,2013,244,19925.96,22.9,35.9,2.51,-99,0
1,2013,245,22796.22,23.6,35.3,2.97,-99,0
1,2013,246,22936.85,24,33.8,2.94,-99,0.4
1,2013,247,17841.78,23.6,33.1,2.95,-99,0
1,2013,248,23611.15,22.9,37.3,2.92,-99,0
1,2013,249,18548.53,24.7,36.6,2.59,-99,0
1,2013,250,21746.92,24.6,34.6,3.05,-99,0
1,2013,251,11661.34,25,38.84,4.14,-99,1
1,2013,252,21407.97,23.6,34.2,3.09,-99,0
1,2013,253,21779.37,23.2,35.6,2.68,-99,0
1,2013,254,23960.92,23.9,36.8,2.86,-99,0
1,2013,255,23438.07,24.7,34.4,3.03,-99,0
1,2013,256,23102.72,24.4,35.2,2.97,-99,0
1,2013,257,19327.39,24.9,33.7,3.13,-99,0
1,2013,258,12256.31,22.2,32.3,2.78,-99,0
1,2013,259,18894.69,22.3,35.6,2.89,-99,0
1,2013,260,8693.72,23.1,33.34,3.43,-99,12
1,2013,261,20213.47,22.4,34.1,3.23,-99,0.2
1,2013,262,21054.6,23.6,34.4,2.88,-99,0
1,2013,263,19788.94,23.6,35.8,2.76,-99,0
1,2013,264,26225.39,23.74,37.1,2.91,-99,0
1,2013,265,23441.67,23.1,36.4,2.78,-99,0
1,2013,266,22356.31,23.2,37.9,2.84,-99,0
1,2013,267,23777.02,24.6,37.1,2.68,-99,0
1,2013,268,24444.34,23.6,37.7,2.61,-99,0
1,2013,269,21819.04,26.1,37.5,2.62,-99,0
1,2013,270,22706.08,24.4,38,3.03,-99,0
1,2013,271,22165.2,24.5,36.2,3.01,-99,1.6
1,2013,272,21819.04,21.5,37.21,3.77,-99,16.2
1,2013,273,23953.7,24.7,34.5,3.25,-99,0
1,2013,274,22219.29,25.4,32.6,3.36,-99,0
1,2013,275,25543.89,23.8,35.1,3.08,-99,0
1,2013,276,19208.4,23.6,32.5,3.07,-99,1.4
1,2013,277,18541.31,23.8,32.8,2.82,-99,0
1,2013,278,25962.17,22.6,35.4,3.1,-99,0
1,2013,279,23066.66,23.6,35.2,3.02,-99,0
1,2013,280,13399.36,23.8,32.9,2.95,-99,0
1,2013,281,20722.86,24,34.8,3.02,-99,0
1,2013,282,19651.92,23.3,34.7,2.96,-99,0
1,2013,283,13943.85,24.5,33.1,3.2,-99,0.4
1,2013,284,15591.72,24.6,32.8,3.05,-99,0
1,2013,285,19601.44,22.9,31.5,3.05,-99,17.4
1,2013,286,15285.23,22.7,28.9,2.91,-99,34.2
1,2013,287,13431.82,22.9,29.7,3.03,-99,4.8
1,2013,288,20225.25,22.3,31.8,3.1,-99,0
1,2013,289,12097.65,23.9,28.2,3.02,-99,22.8
1,2013,290,18436.74,22.1,32.6,3.13,-99,1.2
1,2013,291,23813.08,23.5,34.8,3.26,-99,0.6
1,2013,292,25003.01,22.2,35.6,3.17,-99,0
1,2013,293,21963.27,24.5,33.3,3.18,-99,0
1,2013,294,22089.48,23.3,32.5,3.1,-99,0
1,2013,295,14939.06,22.7,29.4,2.94,-99,42
1,2013,296,25197.72,23.3,33.4,3.2,-99,0
1,2013,297,23603.94,22.2,32,3.1,-99,1.4
1,2013,298,22388.76,22.8,33.8,3.16,-99,0
1,2013,299,24678.48,23.8,35,3.31,-99,0
1,2013,300,9894.47,24.1,29.1,3.05,-99,40.8
1,2013,301,24083.52,22.9,32.8,3.17,-99,0
1,2013,302,18346.6,23.2,33.2,3.15,-99,0.4
1,2013,303,21563.02,24.8,32.7,3.2,-99,0
1,2013,304,21469.27,23.59,31.4,3.14,-99,0
1,2013,305,20026.93,23.7,32,3.03,-99,0
1,2013,306,24144.81,24.1,33.7,3.03,-99,0
1,2013,307,18306.93,24.9,32.4,2.88,-99,0
1,2013,308,14733.53,24.2,29.7,2.93,-99,0
1,2013,309,17091.76,23.5,29.4,3.08,-99,5
1,2013,310,17098.97,23.4,30.4,3.15,-99,1.8
1,2013,311,15613.36,24.1,30.2,3.16,-99,2.8
1,2013,312,22926.04,23.9,32.2,3.16,-99,0.4
1,2013,313,20383.91,24.1,31,3.09,-99,0
1,2013,314,17740.81,21.7,29.6,2.94,-99,26.6
1,2013,315,23326.29,23.4,32.6,3.26,-99,0
1,2013,316,18061.74,24.2,32,3.28,-99,0.2
1,2013,317,14167.41,23.9,30.8,3.14,-99,0
1,2013,318,16143.42,22.6,30.2,2.99,-99,0.4
1,2013,319,21624.32,23.9,33.6,3.21,-99,0
1,2013,320,16799.69,24.3,33.6,3.35,-99,0
1,2013,321,19121.86,22.1,31.8,3.08,-99,12
1,2013,322,12414.96,24.2,30.2,3.22,-99,1
1,2013,323,17452.35,23.1,31.4,3.06,-99,0
1,2013,324,19998.08,23.5,32.6,3.16,-99,0
1,2013,325,18415.11,22.4,31.7,3.08,-99,0.4
1,2013,326,18296.12,22.7,30.7,3.04,-99,2.2
1,2013,327,11181.76,23.8,29,3.1,-99,7.4
1,2013,328,13089.26,23.2,29.6,3.07,-99,2
1,2013,329,8816.32,23.2,27.8,2.98,-99,0.2
1,2013,330,20863.49,22.8,32.1,3.17,-99,0.4
1,2013,331,20614.68,21.8,31.3,3.04,-99,5.6
1,2013,332,17272.05,23.8,31.3,3.17,-99,0
1,2013,333,14037.6,23.7,30.4,3.11,-99,0.2
1,2013,334,17560.52,24.1,32.2,3.3,-99,0
1,2013,335,19141.58,21.89,33.49,3.2,-99,2.4
1,2013,336,11740.67,22.6,27.8,2.89,-99,4.4
1,2013,337,14329.67,23.4,29.2,2.99,-99,0
1,2013,338,21711.98,22.9,36.33,2.79,-99,0.4
1,2013,339,19633.89,22.7,32.6,3.21,-99,1
1,2013,340,22154.38,22.2,32.6,3.16,-99,2
1,2013,341,11592.83,23.4,28.2,2.97,-99,26
1,2013,342,19233.64,22.2,29.4,2.96,-99,5.8
1,2013,343,14430.64,24.7,29.9,3.16,-99,60
1,2013,344,14989.55,24.1,30.1,3.16,-99,0
1,2013,345,19817.79,23,32.6,3.29,-99,0
1,2013,346,18584.58,23.5,31.7,3.17,-99,0
1,2013,347,13677.01,22.3,28.8,2.96,-99,13.8
1,2013,348,15407.82,24.6,30.8,3.29,-99,1
1,2013,349,12137.31,24.1,30.5,3.26,-99,9.2
1,2013,350,19998.08,23,31.3,3.16,-99,0.2
1,2013,351,17769.66,24.1,29.9,3.14,-99,0.2
1,2013,352,18375.44,23.4,31.8,3.23,-99,4.8
1,2013,353,21707.26,23.2,32.1,3.17,-99,0.2
1,2013,354,13056.81,24.2,30.1,3.06,-99,0
1,2013,355,14044.81,24.4,31.2,3.2,-99,0
1,2013,356,8502.61,23.3,27.4,2.82,-99,0.6
1,2013,357,12016.88,22.2,36.97,4.16,-99,11
1,2013,358,19612.25,22,29.8,3,-99,0.2
1,2013,359,21948.85,22.1,32.8,3.15,-99,0
1,2013,360,18321.36,23.7,31.7,3.2,-99,0
1,2013,361,20492.08,22.9,32.2,3.22,-99,2.4
1,2013,362,23171.23,22.8,34.9,3.34,-99,0
1,2013,363,22323.86,22.8,35.1,3.27,-99,0
1,2013,364,17859.81,24.1,33.2,3.32,-99,0.2
1,2013,365,21043.78,23.9,33.3,3.34,-99,0.6
1,2014,1,21169.98,24.2,34.2,3.35,-99,0
1,2014,2,21444.03,23.4,33.9,3.18,-99,0
1,2014,3,12339.24,24.6,30.6,3.25,-99,18.8
1,2014,4,21873.13,24.7,33.3,3.46,-99,0
1,2014,5,22385.16,24.1,33.6,3.34,-99,0
1,2014,6,19702.4,24.3,31.4,3.12,-99,0
1,2014,7,12746.7,22.9,28.9,2.95,-99,1.2
1,2014,8,19868.27,22.2,30.7,3.09,-99,25.4
1,2014,9,17538.89,23.3,29.6,3.03,-99,0.6
1,2014,10,17600.19,23,31,3.13,-99,0
1,2014,11,13302,24.1,29.9,3.12,-99,0
1,2014,12,16774.44,23.2,32.1,3.25,-99,0
1,2014,13,23275.8,23.3,33.8,3.15,-99,0
1,2014,14,23052.24,21.1,34.4,2.97,-99,0
1,2014,15,22118.32,22.6,34.9,3.2,-99,0
1,2014,16,19287.73,23.2,32.1,3.21,-99,23.2
1,2014,17,20326.21,23.9,32.8,3.33,-99,0.4
1,2014,18,9858.41,24.8,29.8,3.2,-99,0
1,2014,19,12533.96,24.7,29.6,3.27,-99,8.6
1,2014,20,23607.54,23.9,33.1,3.39,-99,0
1,2014,21,20286.55,24.3,33.5,3.3,-99,0
1,2014,22,20023.32,24.2,33.8,3.37,-99,0
1,2014,23,21361.09,24.6,33.6,3.33,-99,2.2
1,2014,24,22414,24.6,34.1,3.25,-99,0
1,2014,25,20492.08,23.8,34.2,3.16,-99,0
1,2014,26,16586.94,24.7,31.6,2.92,-99,0
1,2014,27,22295.01,23.6,33.8,3.08,-99,0
1,2014,28,18804.54,23.6,31.8,3.01,-99,0
1,2014,29,15122.96,23.4,32.8,3.15,-99,0
1,2014,30,17412.68,23.9,32.6,3.19,-99,0
1,2014,31,20845.46,23.7,33.9,3.16,-99,0
1,2014,32,23030.61,23.9,35.9,3.23,-99,0
1,2014,33,20037.74,24.7,35.1,3.23,-99,0
1,2014,34,21516.15,22.2,31.6,3.03,-99,16.6
1,2014,35,17611,23.7,31.9,3.12,-99,0
1,2014,36,12310.39,24,31.4,3.18,-99,0
1,2014,37,17776.87,23.6,32,3.15,-99,0
1,2014,38,22814.25,23.1,33.2,3.07,-99,0
1,2014,39,19258.88,23.9,32.3,3.19,-99,11.4
1,2014,40,23474.13,23.6,33.4,3.15,-99,0
1,2014,41,22478.91,24.7,34.6,3.33,-99,0
1,2014,42,22579.87,24.6,35.1,3.35,-99,0
1,2014,43,18858.63,25.2,34.3,3.35,-99,1.6
1,2014,44,19421.14,24.6,31.4,3.04,-99,0
1,2014,45,22965.7,22.2,33.1,3.01,-99,1.6
1,2014,46,22691.65,25.2,35.2,3.33,-99,0
1,2014,47,23120.75,25.1,33.2,3.31,-99,13.2
1,2014,48,21526.96,24.5,34.4,3.29,-99,0
1,2014,49,19651.92,24.8,34.2,3.32,-99,3.4
1,2014,50,19266.09,22.8,31.3,3.08,-99,0.8
1,2014,51,19911.54,24.8,33.7,3.29,-99,0
1,2014,52,13910.74,24.6,38.37,4.32,-99,1.6
1,2014,53,21678.41,24.1,32.4,3.26,-99,0
1,2014,54,20059.38,24.1,33.1,3.2,-99,0.4
1,2014,55,20077.41,24.2,33,3.26,-99,3.6
1,2014,56,13291.19,24.4,30.4,3.15,-99,0.2
1,2014,57,16110.97,24.3,31,3.25,-99,0
1,2014,58,9187.72,23.8,29.9,3.2,-99,1
1,2014,59,16760.02,22.7,31.3,3.13,-99,0
1,2014,60,11726.25,23.4,29.2,3.08,-99,20.8
1,2014,61,23055.85,23.1,32.1,3.2,-99,0.2
1,2014,62,20412.75,24.6,32.3,3.17,-99,0
1,2014,63,20102.65,23.9,32.7,3.22,-99,0
1,2014,64,18606.22,23.8,33.2,3.18,-99,0
1,2014,65,23293.83,23.1,32.6,3.06,-99,0
1,2014,66,20571.41,23.9,33.6,3.29,-99,0
1,2014,67,21451.24,21.7,31.8,2.89,-99,0.6
1,2014,68,17982.41,24.1,33.4,3.27,-99,5.6
1,2014,69,16961.95,23.7,31.2,3.15,-99,0
1,2014,70,17877.84,24.2,32.1,3.17,-99,0
1,2014,71,19846.63,24.6,33,3.24,-99,0.2
1,2014,72,16792.47,24.4,29.3,3.08,-99,5
1,2014,73,19911.54,22.5,32.4,3.12,-99,0
1,2014,74,11740.67,23.9,29.9,3.08,-99,0
1,2014,75,17643.46,23.4,31.6,3.25,-99,0.4
1,2014,76,21541.39,24.8,34.8,3.46,-99,0
1,2014,77,17845.38,23.1,31.1,3.11,-99,27
1,2014,78,19464.41,24.7,32.7,3.38,-99,0
1,2014,79,16118.18,24.2,32.6,3.24,-99,0
1,2014,80,20758.92,23.7,34.2,3.19,-99,0
1,2014,81,16925.89,25.1,33.6,3.26,-99,0
1,2014,82,23030.61,24,33.9,2.98,-99,0
1,2014,83,20780.55,24.7,34.6,3.14,-99,0.2
1,2014,84,15436.67,25,32.4,3.37,-99,2
1,2014,85,8480.97,23.8,33.73,3.71,-99,26.4
1,2014,86,23272.2,22.7,33.2,3.28,-99,4.8
1,2014,87,23661.63,23.3,34.9,3.28,-99,0
1,2014,88,24263.81,24.1,35.6,3.45,-99,0
1,2014,89,17546.1,24.7,33.9,3.26,-99,0
1,2014,90,22042.6,24.2,34.3,3.11,-99,0
1,2014,91,20845.46,24.6,34.1,3.13,-99,0
1,2014,92,24101.54,24.8,35.6,3,-99,0
1,2014,93,10345.2,24.3,31,2.98,-99,0.4
1,2014,94,23816.68,22.5,35,3.15,-99,0
1,2014,95,24786.66,23.8,35.8,3.04,-99,0
1,2014,96,19641.1,25.6,36.4,2.89,-99,0
1,2014,97,21923.61,23.2,34.4,2.96,-99,9.4
1,2014,98,16092.94,25.6,33.8,3.07,-99,0
1,2014,99,21645.96,24.6,34.4,3.14,-99,0
1,2014,100,22118.32,24.4,34.9,3.12,-99,2.6
1,2014,101,24025.82,24.4,36.9,3,-99,0
1,2014,102,19031.71,23.9,33.9,2.73,-99,0
1,2014,103,23932.07,23.1,35.9,2.88,-99,0
1,2014,104,21191.62,25.3,35.7,3.29,-99,2.6
1,2014,105,13814.04,24,30.9,2.99,-99,0
1,2014,106,19915.15,23.5,34.3,3.07,-99,0
1,2014,107,17109.25,22.9,32.91,3.4,-99,4
1,2014,108,22302.22,22.8,33.9,3.31,-99,0.2
1,2014,109,22752.95,22.7,31.3,3.07,-99,17.4
1,2014,110,17380.23,23.8,32.6,3.28,-99,0
1,2014,111,18822.57,25.3,31.6,3.35,-99,1.2
1,2014,112,13035.17,24.3,28.8,3.07,-99,0.6
1,2014,113,22273.38,24.3,33.7,3.38,-99,0
1,2014,114,12155.34,21.7,27.4,2.8,-99,53.6
1,2014,115,23539.03,22.2,33.6,3.22,-99,0
1,2014,116,13269.55,22.4,28.4,2.91,-99,28.6
1,2014,117,17838.17,22.2,29.8,3.06,-99,21.6
1,2014,118,22363.52,22,32.4,3.21,-99,16.6
1,2014,119,21599.08,22.7,31.6,3.16,-99,9.6
1,2014,120,21736.1,24.9,32.7,3.33,-99,15.6
1,2014,121,20892.33,21.9,30.1,3.04,-99,64.8
1,2014,122,16774.44,24.7,31.1,3.37,-99,0.4
1,2014,123,22186.83,22.4,31.7,3.18,-99,4.6
1,2014,124,19338.21,22.5,30.7,3.05,-99,23.4
1,2014,125,24732.57,24.5,33.8,3.46,-99,0
1,2014,126,13933.03,24.8,30.2,3.2,-99,0
1,2014,127,11109.64,21.3,27.2,2.8,-99,45.6
1,2014,128,20142.31,23.4,31.8,3.28,-99,0
1,2014,129,12191.4,21.8,27.8,2.87,-99,16.2
1,2014,130,19345.42,24.1,30.6,3.21,-99,0.2
1,2014,131,18187.94,23.9,30.3,3.05,-99,0.2
1,2014,132,22615.93,24.7,32.6,3.32,-99,0
1,2014,133,18512.47,22.5,30.8,3.11,-99,0.2
1,2014,134,16392.22,25.1,32.4,3.45,-99,0
1,2014,135,16370.59,24.7,31.3,3.33,-99,0
1,2014,136,19936.78,24.3,32.7,3.42,-99,4.2
1,2014,137,13309.22,21.7,28.7,2.91,-99,46.2
1,2014,138,16330.92,24.4,29.9,3.21,-99,0.2
1,2014,139,12725.07,23,28.8,2.96,-99,0
1,2014,140,23232.53,23.4,34.1,3.3,-99,0
1,2014,141,16612.18,24.4,32,3.24,-99,0
1,2014,142,19370.66,21.3,29.7,2.91,-99,51
1,2014,143,21242.1,22.9,32.8,3.24,-99,0
1,2014,144,24137.6,22.3,31.2,3.07,-99,9.4
1,2014,145,20246.88,24,31.8,3.22,-99,0
1,2014,146,18948.78,24.6,32.5,3.38,-99,0
1,2014,147,14690.26,23.6,31.1,3.09,-99,0
1,2014,148,17466.77,23.6,31.8,3.27,-99,0.6
1,2014,149,16695.12,24.7,32,3.34,-99,0
1,2014,150,19745.67,24.7,32.2,3.34,-99,0.4
1,2014,151,17225.18,24.2,31.9,3.23,-99,0
1,2014,152,16229.96,25.3,31.9,3.38,-99,0
1,2014,153,18094.19,25.1,32.3,3.34,-99,1.2
1,2014,154,22071.45,24.6,33.6,3.4,-99,0
1,2014,155,20070.2,22.9,32.3,3.16,-99,1.8
1,2014,156,20639.92,23.8,33.1,3.27,-99,0
1,2014,157,15422.25,24.3,32.1,3.13,-99,0
1,2014,158,15411.43,24.7,32.4,3.24,-99,0
1,2014,159,15274.41,24.3,32.2,3.21,-99,0
1,2014,160,18447.56,24.1,32.4,3.29,-99,0
1,2014,161,17611,23.2,31.8,3.14,-99,0.8
1,2014,162,22096.69,21.8,33.8,3.08,-99,0
1,2014,163,21054.6,22.7,35.3,3.22,-99,0
1,2014,164,15076.09,23.5,34.3,3.26,-99,0
1,2014,165,15761.2,23.4,33.7,3.4,-99,5.6
1,2014,166,21721.68,22.6,33.8,3.14,-99,0.2
1,2014,167,24051.06,24,34.8,2.81,-99,0
1,2014,168,17391.05,24.3,32.8,2.74,-99,0
1,2014,169,14452.27,23.4,31,2.69,-99,0
1,2014,170,16186.69,22.4,31.8,2.48,-99,0
1,2014,171,17455.95,22,32.3,2.22,-99,0
1,2014,172,18278.09,21.9,34.1,2.63,-99,0
1,2014,173,16799.69,22.8,32.7,2.87,-99,0
1,2014,174,20344.24,22.9,34.2,2.84,-99,0
1,2014,175,13312.82,23.9,31.5,3.01,-99,0.6
1,2014,176,13814.83,22.7,32.37,3.44,-99,11.2
1,2014,177,17528.07,22.7,30.8,3.19,-99,0
1,2014,178,21865.91,23.8,32.9,3.27,-99,0
1,2014,179,19374.27,22.1,32.4,2.98,-99,1.2
1,2014,180,19745.67,23.6,34.6,3.09,-99,0
1,2014,181,18269.94,22.63,30.93,3.11,-99,0
1,2014,182,19410.33,22.45,32.8,3.07,-99,0
1,2014,183,20315.4,21.9,32.5,3.07,-99,14.8
1,2014,184,22240.92,23.9,34.1,3.09,-99,0
1,2014,185,17354.99,23.9,32.8,3.17,-99,0.2
1,2014,186,21700.04,23.3,35,3.17,-99,0
1,2014,187,21054.6,25.1,35,3.21,-99,0
1,2014,188,15065.27,24.1,34.1,3.14,-99,0
1,2014,189,11964.23,23.5,32.1,3.03,-99,0
1,2014,190,20968.06,22.2,35.4,3.13,-99,0
1,2014,191,17953.56,21.6,34.1,2.86,-99,0
1,2014,192,12804.4,24.8,30.6,2.53,-99,0
1,2014,193,18840.6,21.7,34.9,2.6,-99,0
1,2014,194,22525.79,23.9,35,2.62,-99,0
1,2014,195,21905.58,23.1,35.2,2.63,-99,0
1,2014,196,15187.87,25.1,33,2.74,-99,0
1,2014,197,16366.98,24.5,36.1,2.89,-99,0
1,2014,198,16529.25,24.6,33.7,2.52,-99,0
1,2014,199,19623.07,24,35.4,2.58,-99,0
1,2014,200,22305.83,24.4,34.9,2.37,-99,0
1,2014,201,18422.32,24.7,33.2,2.56,-99,0
1,2014,202,21956.06,24.9,36.2,2.68,-99,0
1,2014,203,19716.82,24.6,36.2,2.71,-99,0
1,2014,204,18411.5,24.1,35.1,2.71,-99,0
1,2014,205,21743.31,23.8,36.9,2.75,-99,0
1,2014,206,20257.7,22.6,36.3,2.79,-99,0
1,2014,207,21065.45,23.08,36.28,2.9,-99,0
1,2014,208,17722.78,24.46,33.8,3.28,-99,0
1,2014,209,21447.63,22.2,35.8,2.83,-99,0
1,2014,210,21148.35,24.3,35.6,2.63,-99,0
1,2014,211,22810.65,24.2,33.8,2.52,-99,0
1,2014,212,24134,24.1,35.9,2.54,-99,0
1,2014,213,23791.44,23.8,37.2,2.52,-99,0
1,2014,214,14881.37,24.7,32.5,2.33,-99,0
1,2014,215,19846.63,21.8,33.8,2.44,-99,0
1,2014,216,23127.96,21.6,35.2,2.63,-99,0
1,2014,217,17189.75,24.32,30.62,3.17,-99,0.4
1,2014,218,19648.92,19.84,31.94,3,-99,0
1,2014,219,18580.46,23.61,31.91,3.14,-99,0
1,2014,220,21146.48,24.46,34.06,3.24,-99,0
1,2014,221,16603.79,25.14,32.04,3.33,-99,0
1,2014,222,21037.42,23.7,33.8,3.07,-99,0
1,2014,223,16127.14,21.96,32.26,2.77,-99,0
1,2014,224,18725.74,24.03,32.83,3.03,-99,0
1,2014,225,19918.86,23.49,32.39,3.17,-99,0
1,2014,226,22569.06,23.8,35.6,2.8,-99,0
1,2014,227,23492.15,24.2,36,2.43,-99,0
1,2014,228,19010.08,26,34.3,2.49,-99,0
1,2014,229,19222.82,25.8,33.8,2.38,-99,0
1,2014,230,15735.96,24.8,32.8,2.29,-99,0
1,2014,231,18714.4,24.1,34.2,2.36,-99,0
1,2014,232,23495.76,23.2,35.5,2.3,-99,0
1,2014,233,20329.82,22.2,35.4,2.15,-99,0
1,2014,234,24631.61,23.6,36.4,2.35,-99,0
1,2014,235,18981.23,24.7,33.9,2.48,-99,0
1,2014,236,22237.32,25.1,35.4,3.09,-99,0
1,2014,237,14863.34,24.8,31.1,3.02,-99,2.4
1,2014,238,12508.72,23.1,31.8,3.08,-99,0.8
1,2014,239,16320.11,23,31.8,3.07,-99,0
1,2014,240,13756.34,22.3,30.6,2.89,-99,0
1,2014,241,19850.24,24.7,35.3,2.71,-99,0
1,2014,242,25334.75,22.8,37.6,2.59,-99,0
1,2014,243,25670.09,23.2,37.4,2.39,-99,0
1,2014,244,22085.87,22.6,36.8,2.66,-99,0
1,2014,245,11084.4,23.6,32,2.59,-99,0
1,2014,246,19125.46,21.9,34.9,2.77,-99,0.8
1,2014,247,20365.88,23.2,35.3,3.01,-99,0
1,2014,248,16691.51,22.8,35.8,3.05,-99,0
1,2014,249,20932,23.8,35.9,2.6,-99,0
1,2014,250,18169.91,25.3,35.2,2.57,-99,0
1,2014,251,18415.11,25.2,34.6,2.5,-99,0
1,2014,252,20189.19,23.9,36.2,2.44,-99,0
1,2014,253,15058.06,24.2,35.9,2.56,-99,0
1,2014,254,14708.29,25.7,34.6,2.98,-99,0
1,2014,255,22857.52,22.5,31.8,3.03,-99,16.2
1,2014,256,20430.78,23.3,30.1,3.04,-99,16.2
1,2014,257,23535.43,23.8,32.7,3.21,-99,0.2
1,2014,258,18166.3,23.3,31.9,3.03,-99,0
1,2014,259,22569.06,23.6,33.4,3.11,-99,0
1,2014,260,25298.69,22.8,34.4,2.93,-99,0.6
1,2014,261,17167.48,21.8,30.3,2.95,-99,9.8
1,2014,262,24137.6,23,33.4,3.12,-99,0
1,2014,263,20502.9,21.2,30.4,2.86,-99,18.8
1,2014,264,20589.44,23.5,31.2,3.1,-99,0
1,2014,265,23214.5,23.2,32.3,3.13,-99,3.4
1,2014,266,24188.09,23.3,33.3,3.03,-99,0
1,2014,267,21833.46,24,32.8,3.1,-99,0
1,2014,268,21105.08,24.2,34.2,3.28,-99,1
1,2014,269,23766.2,24.4,34.9,3.13,-99,0
1,2014,270,23658.02,24.1,34.3,3.07,-99,0
1,2014,271,25486.19,22.3,37.2,2.99,-99,0
1,2014,272,25980.2,23.1,37.6,2.75,-99,0
1,2014,273,24750.6,22.7,37.4,2.75,-99,0
1,2014,274,18537.71,23.1,34.8,2.52,-99,0
1,2014,275,17138.64,23,35.7,2.88,-99,0
1,2014,276,20661.56,25.4,34.6,2.72,-99,0
1,2014,277,25093.16,23.1,36.7,2.88,-99,0
1,2014,278,25414.08,26.3,35.7,3.14,-99,0
1,2014,279,21743.31,24.4,34.2,3.01,-99,0
1,2014,280,24851.56,24.9,35.2,3.07,-99,0
1,2014,281,17967.98,23.3,33.41,3.22,-99,4
1,2014,282,13727.5,22.8,33.73,3.49,-99,2.8
1,2014,283,14740.74,23.3,32.5,3.26,-99,0
1,2014,284,16731.17,22.4,35.39,3.7,-99,31.2
1,2014,285,20034.14,24.5,33,3.35,-99,0
1,2014,286,16125.39,24.9,33.3,3.07,-99,0
1,2014,287,24404.44,23.7,36.4,3.12,-99,0
1,2014,288,20088.23,24.8,35.2,2.77,-99,0
1,2014,289,17921.11,23.9,34.8,2.85,-99,0
1,2014,290,19424.75,23.4,35.3,3.03,-99,0
1,2014,291,19587.01,24.6,34.1,3.1,-99,0
1,2014,292,13619.32,21.8,34.61,3.4,-99,11.4
1,2014,293,9342.77,22.13,33.43,3.23,-99,15.6
1,2014,294,24440.5,23.7,32.8,3.28,-99,0
1,2014,295,12836.85,24.6,30.2,3.11,-99,0.2
1,2014,296,21238.49,22.7,32.7,3.11,-99,0
1,2014,297,22770.98,23.3,31.9,3.23,-99,20
1,2014,298,19915.15,24.4,31.2,3.14,-99,0
1,2014,299,13900.58,23.6,29.3,2.99,-99,0
1,2014,300,19493.26,23.8,31.5,3.18,-99,2
1,2014,301,23881.59,23.8,33.1,3.19,-99,0
1,2014,302,20282.94,23.6,33.5,3.23,-99,0
1,2014,303,19201.19,23.4,33.7,3.28,-99,0.2
1,2014,304,21613.5,22.8,31.8,3.06,-99,0.2
1,2014,305,22240.92,24.1,31.8,3.03,-99,0
1,2014,306,15613.36,24,31.2,3.21,-99,28.6
1,2014,307,20077.41,24.95,33.2,3.17,-99,0
1,2014,308,19954.81,24.19,32.6,3.27,-99,0
1,2014,309,13399.36,24.3,30.1,3.19,-99,0.4
1,2014,310,20986.08,22.7,31.7,3.19,-99,6.8
1,2014,311,18169.91,24.3,32.2,3.32,-99,0
1,2014,312,21054.6,24.4,30.6,3.18,-99,2.4
1,2014,313,21234.89,22.3,31,3.06,-99,5
1,2014,314,17336.96,22.3,29.8,3,-99,11.2
1,2014,315,18000.44,22.7,30,3.05,-99,1
1,2014,316,19633.89,23.7,31.4,3.2,-99,2
1,2014,317,13345.27,23.5,29.3,2.95,-99,0
1,2014,318,20392.92,24.6,32.9,3.31,-99,0
1,2014,319,11459.41,24.09,28,3,-99,14.8
1,2014,320,19897.12,22.2,31.8,3.18,-99,0
1,2014,321,21368.31,24,32.7,3.27,-99,0
1,2014,322,17441.53,24.1,31.6,3.17,-99,0
1,2014,323,23254.17,23.4,33.3,3.2,-99,0
1,2014,324,20762.52,23.9,33.2,3.15,-99,0
1,2014,325,21891.15,21.8,32.2,3.1,-99,7.4
1,2014,326,20470.45,24.1,33,3.29,-99,0
1,2014,327,21180.8,24.9,34.4,3.41,-99,0
1,2014,328,11852.45,25.4,29.9,3.26,-99,3
1,2014,329,11354.84,24.7,29.2,3.18,-99,0.4
1,2014,330,17221.57,23.7,31.4,3.15,-99,0
1,2014,331,21350.28,23.9,33.9,3.36,-99,0
1,2014,332,21501.72,24.1,34.1,3.36,-99,0
1,2014,333,17499.22,24.9,32.3,3.26,-99,0
1,2014,334,20755.31,24.1,33.2,3.29,-99,0
1,2014,335,19734.85,24.7,34.7,3.35,-99,0
1,2014,336,23549.85,22.8,35.9,3.16,-99,0
1,2014,337,11632.49,24.4,31.9,3.16,-99,0.4
1,2014,338,16832.74,21.58,29.28,2.9,-99,4.4
1,2014,339,19233.64,23,32.2,3.01,-99,0
1,2014,340,16240.78,24.4,30.5,3.06,-99,0
1,2014,341,15826.1,23.5,30.7,3.11,-99,0
1,2014,342,18032.89,23.9,33.2,3.35,-99,0
1,2014,343,12505.11,21.6,32.33,3.35,-99,23.8
1,2014,344,21458.45,22.8,31.9,3.2,-99,0
1,2014,345,14131.35,22.4,28.2,2.9,-99,2.2
1,2014,346,18043.71,24.3,31.6,3.24,-99,0
1,2014,347,15963.13,22.9,30.1,3.09,-99,1
1,2014,348,19911.54,22.8,32.1,3.19,-99,2.4
1,2014,349,21591.87,23.4,31.6,3.08,-99,0
1,2014,350,17079.14,24.2,31.8,3.19,-99,0
1,2014,351,19797.95,24.7,32.6,3.37,-99,0
1,2014,352,19208.4,23.9,33.1,3.22,-99,0
1,2014,353,18141.06,23.9,32.7,3.23,-99,0
1,2014,354,18977.62,23.9,33.4,3.25,-99,0
1,2014,355,21490.9,23.6,34.1,3.3,-99,0
1,2014,356,22655.6,22.1,35.7,3.25,-99,0
1,2014,357,21534.17,22.3,34,3.05,-99,0
1,2014,358,15602.54,23,31.1,3.07,-99,12
1,2014,359,18624.25,24.1,31.6,3.29,-99,5.4
1,2014,360,19907.93,24.4,32.9,3.32,-99,0
1,2014,361,21440.42,22.9,32.9,3.22,-99,1.6
1,2014,362,21180.8,24.4,34.1,3.43,-99,0
1,2014,363,18995.65,23.7,32,3.17,-99,0
1,2014,364,22125.54,23.9,34.2,3.36,-99,0
1,2014,365,22338.28,24.2,34.3,3.31,-99,0
1,2015,1,23921.25,22.7,35.8,3.21,-99,0
1,2015,2,23246.96,22.1,36.6,3.04,-99,0
1,2015,3,23521,22.2,36.9,3.07,-99,0
1,2015,4,22677.23,21.9,34.7,2.92,-99,0
1,2015,5,23394.8,21.9,35.6,2.81,-99,0
1,2015,6,16876.36,24.21,31.31,3.23,-99,0
1,2015,7,22843.1,23.38,35.8,2.79,-99,0
1,2015,8,15083.3,21.9,32.5,2.63,-99,0
1,2015,9,23344.31,24.1,35.2,2.99,-99,0
1,2015,10,19089.4,22.8,35.4,3.03,-99,0
1,2015,11,17077.34,23.7,34.8,3.07,-99,0
1,2015,12,23593.12,22.1,37.1,2.97,-99,0
1,2015,13,23091.9,24.8,36.1,2.99,-99,0
1,2015,14,21793.8,23.8,36.2,3.19,-99,0
1,2015,15,23117.15,23.3,33.7,3.01,-99,0
1,2015,16,19111.04,24.7,34.5,3.26,-99,0
1,2015,17,13691.44,23.1,36.43,3.68,-99,0.2
1,2015,18,21249.31,25.5,30.7,3.07,-99,23
1,2015,19,11217.82,24.2,36.74,4.04,-99,3.4
1,2015,20,14160.2,22.3,36.52,3.89,-99,4.4
1,2015,21,12485.83,23.8,38.77,4.54,-99,20.8
1,2015,22,12299.58,21.7,37.72,4.25,-99,26.8
1,2015,23,17243.21,23.2,30.2,3.15,-99,0
1,2015,24,13402.97,23.7,30.7,3.29,-99,0
1,2015,25,21932.62,23.8,32.25,3.13,-99,0
1,2015,26,17987.59,26.66,35.26,3.37,-99,0
1,2015,27,13136.14,24.7,31.3,3.31,-99,0.2
1,2015,28,20401.94,23.6,32.2,3.22,-99,0
1,2015,29,23376.77,24,32.8,3.18,-99,0
1,2015,30,21811.83,24.2,33.2,3.25,-99,0
1,2015,31,13435.42,23.1,29.4,2.99,-99,5.8
1,2015,32,16940.31,21.7,30,3.03,-99,25
1,2015,33,24224.14,24.2,35.8,3.49,-99,0
1,2015,34,16446.31,25,33.7,3.14,-99,0
1,2015,35,22082.26,23.8,34.1,3.3,-99,0
1,2015,36,19446.38,23.3,34.8,3.23,-99,0
1,2015,37,12945.43,23.3,30.25,3.25,-99,16
1,2015,38,21422.39,22.6,31.7,3.26,-99,0.2
1,2015,39,18314.14,22.3,29.9,3.03,-99,33.4
1,2015,40,19172.34,22,30.2,3.11,-99,0.2
1,2015,41,21851.49,23.8,31.8,3.23,-99,0
1,2015,42,19716.82,23.8,31.2,3.19,-99,0
1,2015,43,12689.01,23.7,28.8,3.05,-99,2.4
1,2015,44,20856.27,24.4,32.3,3.43,-99,0.2
1,2015,45,14614.54,25,30.3,3.29,-99,1.8
1,2015,46,18177.12,24.3,33.8,3.56,-99,0
1,2015,47,24188.09,23.8,34.9,3.51,-99,0
1,2015,48,24959.74,24.5,35.3,3.37,-99,0
1,2015,49,22143.56,24.9,34.8,3.42,-99,0
1,2015,50,23286.62,25.5,33.7,3.06,-99,0
1,2015,51,21454.85,23.9,34.7,3.14,-99,0
1,2015,52,23834.71,23.2,35.3,3.14,-99,0
1,2015,53,21764.86,25.66,38.26,3.15,-99,1.6
1,2015,54,26391.26,25.4,35.8,3.22,-99,0
1,2015,55,21602.69,23.6,34.6,3.16,-99,0
1,2015,56,14441.91,24.7,37.71,4.16,-99,5.8
1,2015,57,23145.99,22.6,33.8,3.3,-99,0.2
1,2015,58,24664.06,23.4,34.6,3.22,-99,0
1,2015,59,16190.3,23.6,32.1,3.22,-99,3
1,2015,60,16978.78,26.01,34.91,3.07,-99,0
1,2015,61,22688.05,23.9,31.8,3.12,-99,0
1,2015,62,14483.65,24.3,34.56,3.74,-99,3.6
1,2015,63,17719.18,24.2,30.8,3.32,-99,17
1,2015,64,25186.91,24.2,34,3.33,-99,0
1,2015,65,24195.3,23.5,33.4,3.16,-99,0
1,2015,66,17448.74,24.4,32.6,3.24,-99,0
1,2015,67,22132.75,24.9,35.5,3.43,-99,0.4
1,2015,68,25864.81,24.5,36.1,3.06,-99,0
1,2015,69,14102.5,24.4,33.8,3.07,-99,0
1,2015,70,21079.84,24.5,36.7,3.26,-99,0
1,2015,71,23506.58,25.1,37.4,3.36,-99,0
1,2015,72,22064.24,24.4,34.8,3.14,-99,0
1,2015,73,21397.15,23.2,33.6,3.25,-99,4.4
1,2015,74,22648.38,25.4,35.3,3.44,-99,0
1,2015,75,21801.01,22.3,32.1,3.13,-99,27.2
1,2015,76,21682.01,24.5,32.4,3.26,-99,0.4
1,2015,77,8809.11,22.2,36.69,4,-99,19
1,2015,78,14304.43,23.6,30.2,3.23,-99,0.2
1,2015,79,18952.38,22.4,31.6,3.16,-99,17.8
1,2015,80,16435.49,21.5,30.2,3.03,-99,10.8
1,2015,81,23679.66,23.4,33.4,3.29,-99,0
1,2015,82,23841.92,23.2,32.7,3.21,-99,0.6
1,2015,83,17535.28,22.7,31.9,3.16,-99,0.6
1,2015,84,21721.68,23.9,33.9,3.36,-99,0
1,2015,85,17034.07,23.8,30.8,3.06,-99,0
1,2015,86,23459.7,23.7,33.4,3.32,-99,4
1,2015,87,17758.84,25.1,32.9,3.43,-99,0.8
1,2015,88,12143.1,22.2,35.4,3.77,-99,4
1,2015,89,23755.38,21.4,31.9,3.12,-99,0.2
1,2015,90,21797.4,22.8,32.9,3.29,-99,0
1,2015,91,11610.86,23.9,28.3,3.06,-99,2.2
1,2015,92,17239.6,23.8,31.9,3.19,-99,0.2
1,2015,93,17167.48,23.9,30.4,3.19,-99,6.8
1,2015,94,19994.47,24.4,33.1,3.37,-99,7.6
1,2015,95,19204.79,22.4,30.6,3.09,-99,20.6
1,2015,96,23084.69,24.4,33.7,3.52,-99,0.2
1,2015,97,24310.68,24.4,34.8,3.36,-99,0
1,2015,98,17336.96,25.1,31.7,3.13,-99,0
1,2015,99,18072.55,24.9,33.4,3.34,-99,0
1,2015,100,21663.99,25.2,35.9,3.35,-99,0
1,2015,101,11801.97,25.3,30,2.98,-99,0
1,2015,102,17311.72,24.2,33.5,3.26,-99,0
1,2015,103,21278.16,25,33.9,3.24,-99,0
1,2015,104,19518.5,25.1,34.2,3.44,-99,0
1,2015,105,22093.08,22.8,32.6,3.04,-99,10
1,2015,106,21736.1,22.1,30.6,3.06,-99,12.8
1,2015,107,11023.1,22.6,28.08,2.99,-99,15.6
1,2015,108,25597.98,23.4,32.4,3.34,-99,0
1,2015,109,19276.91,22.5,31.8,3.25,-99,28.2
1,2015,110,24963.34,22.7,32.4,3.22,-99,1.6
1,2015,111,20337.03,22.6,29.8,2.99,-99,4
1,2015,112,21822.64,23.7,32.3,3.26,-99,0
1,2015,113,23924.86,24.2,33.7,3.15,-99,0
1,2015,114,22161.59,24.6,35.8,3.35,-99,0
1,2015,115,13630.14,25.2,29.5,3.01,-99,0.6
1,2015,116,20221.64,23.4,32.8,3.16,-99,0
1,2015,117,21303.4,23.6,35.6,3.2,-99,0
1,2015,118,14996.76,24.8,32.5,3.08,-99,0.2
1,2015,119,23063.06,22.4,35.2,3.19,-99,0
1,2015,120,18912.72,23.9,33.6,3.13,-99,0
1,2015,121,9368.02,23.9,28.6,3.02,-99,1.2
1,2015,122,21004.11,22.6,33.6,3.29,-99,0.2
1,2015,123,20135.1,24.4,34.3,3.33,-99,0
1,2015,124,20214.43,24.2,33.6,3.21,-99,0
1,2015,125,23362.34,24.4,34.7,3.32,-99,0
1,2015,126,22637.57,24.7,35.7,3.3,-99,0
1,2015,127,23214.5,23.7,37.6,3.23,-99,0
1,2015,128,16543.67,25.1,30.8,3.13,-99,5.8
1,2015,129,24815.5,23.9,34,3.19,-99,0
1,2015,130,19064.16,24.6,33.8,3.14,-99,0
1,2015,131,21454.85,25.3,35.3,3.2,-99,0
1,2015,132,15317.68,23.1,33.8,3.07,-99,0
1,2015,133,20044.96,25.5,33.9,3.01,-99,0
1,2015,134,12076.01,24.9,30.8,2.87,-99,0
1,2015,135,18115.82,23.3,33.1,3.04,-99,0
1,2015,136,18000.44,23.4,33.1,3.14,-99,0
1,2015,137,14473.91,25.6,32.4,3.28,-99,0
1,2015,138,14600.11,25.3,34,3.2,-99,0
1,2015,139,21050.99,24.4,34.9,3.09,-99,0
1,2015,140,21465.66,26.1,34.5,3.25,-99,0
1,2015,141,17975.19,25.9,33.2,3.01,-99,0
1,2015,142,14232.32,24.1,30.4,3.02,-99,0.2
1,2015,143,13056.81,23.9,31.7,3.02,-99,0
1,2015,144,20286.55,22.8,34.4,3.01,-99,0.2
1,2015,145,14156.59,24.7,30,3.09,-99,2.8
1,2015,146,22605.11,23.2,32.4,3.25,-99,21.6
1,2015,147,18865.84,22.2,30.9,3.02,-99,37.2
1,2015,148,17026.85,24.2,33.3,3.37,-99,0
1,2015,149,13686.28,22.9,32.55,3.53,-99,23.6
1,2015,150,16442.71,22.3,30.4,3.14,-99,0.2
1,2015,151,21202.44,23.8,32.4,3.33,-99,0
1,2015,152,15339.31,23.8,30.4,3.11,-99,0.8
1,2015,153,23737.35,22.6,34.1,3.26,-99,0
1,2015,154,18079.76,24.4,33.1,3.15,-99,0
1,2015,155,18988.44,24.6,33.4,3.21,-99,0
1,2015,156,19381.48,23.9,32.2,3.12,-99,1.4
1,2015,157,20189.19,22.5,34.1,3.19,-99,0
1,2015,158,14311.64,23.2,30.7,2.86,-99,0
1,2015,159,15144.6,24.5,31.9,3.08,-99,0
1,2015,160,12934.21,24.8,29.7,3.07,-99,0.6
1,2015,161,15018.39,22.1,28.9,2.95,-99,31.2
1,2015,162,13637.35,23.4,29.3,3.12,-99,0
1,2015,163,15022,23.6,32.3,3.32,-99,0.2
1,2015,164,12523.14,24,30.9,3.25,-99,0.2
1,2015,165,19886.3,23.1,32.8,3.26,-99,0
1,2015,166,14347.7,24.4,32.1,3.43,-99,2.6
1,2015,167,24184.48,23.6,35.2,3.3,-99,0
1,2015,168,20708.58,24.11,34.81,2.89,-99,0
1,2015,169,20937.16,24.54,34.84,3.22,-99,0
1,2015,170,21564.69,23.39,35.29,3.09,-99,0
1,2015,171,21720.39,23.09,35.89,2.94,-99,0
1,2015,172,22036.76,23.42,36.02,3.09,-99,0
1,2015,173,23339.42,23.34,36.14,3.28,-99,0
1,2015,174,22447.27,23.56,34.56,3.23,-99,0.2
1,2015,175,22909.72,23.76,35.76,3.35,-99,0
1,2015,176,20127.81,23.38,34.18,3.21,-99,0
1,2015,177,20561.85,24.8,34.7,3.24,-99,0
1,2015,178,21336.97,23.86,34.96,2.98,-99,0
1,2015,179,21334.24,24.01,35.01,3.1,-99,0
1,2015,180,18948.92,24.87,33.67,3.17,-99,0
1,2015,181,19869.15,23.66,34.46,3.15,-99,0
1,2015,182,20699.71,22.13,34.53,3.24,-99,0
1,2015,183,19873.61,23.61,34.51,3.12,-99,0.6
1,2015,184,20433.79,22.66,33.76,3.35,-99,0
1,2015,185,21407.54,22.45,36.25,3.06,-99,0
1,2015,186,22155.4,22.58,34.18,3.15,-99,0
1,2015,187,22694.56,23.15,36.85,2.97,-99,0
1,2015,188,21302.15,23.97,36.37,2.86,-99,0
1,2015,189,23334.31,22.72,37.42,2.83,-99,0
1,2015,190,20931.63,23,36.1,2.95,-99,0
1,2015,191,22425.8,23.15,36.95,3.26,-99,0
1,2015,192,22081.38,23.37,36.97,3.21,-99,0
1,2015,193,20080.42,22.95,32.55,3.33,-99,2.6
1,2015,194,21104.9,22.61,32.41,3.21,-99,0.8
1,2015,195,20015.04,24.21,32.91,3.19,-99,0
1,2015,196,19303.89,21.99,32.49,2.94,-99,0
1,2015,197,15337.01,24.13,30.53,3.18,-99,0.2
1,2015,198,15404.35,23.24,29.84,2.99,-99,0
1,2015,199,22094.6,23.05,34.05,3.14,-99,0
1,2015,200,20463.79,24.14,32.74,3.3,-99,0
1,2015,201,19852.17,23.73,33.03,3.23,-99,0
1,2015,202,21382.35,22.24,35.84,2.82,-99,0
1,2015,203,19952.35,23.81,33.81,3.08,-99,0.8
1,2015,204,19052.76,23.17,32.77,3.14,-99,0
1,2015,205,20182.77,22.93,33.63,3.18,-99,0.2
1,2015,206,19860.77,22.25,32.65,3.01,-99,0
1,2015,207,20275.65,22.39,35.39,3.38,-99,0
1,2015,208,20895.61,22.16,35.16,2.91,-99,0
1,2015,209,21365.7,24.01,35.01,3.1,-99,0
1,2015,210,21171,22.97,36.07,2.92,-99,20.2
1,2015,211,21660.39,23.27,36.37,2.91,-99,0
1,2015,212,22245.24,22.39,34.89,3.11,-99,0
1,2015,213,21212.8,21.84,34.64,3.16,-99,0
1,2015,214,21279.55,24.65,35.25,3.23,-99,0
1,2015,215,22195.47,23.78,35.88,2.93,-99,0
1,2015,216,21166.92,23.76,36.56,2.88,-99,0
1,2015,217,23412.83,26.8,33.18,2.3,-99,0
1,2015,218,23553.45,25.7,35.52,2.46,-99,0
1,2015,219,14538.81,27.8,35.2,2.57,-99,0
1,2015,220,15912.64,24.3,33.6,2.76,-99,0
1,2015,221,20221.64,23,35.3,2.96,-99,0
1,2015,222,21620.72,24.1,35.7,2.9,-99,0
1,2015,223,14398.18,24.7,34,2.83,-99,0
1,2015,224,19287.73,22.2,36.4,2.8,-99,0
1,2015,225,17073.73,24.1,36.6,2.74,-99,0
1,2015,226,16637.42,24.9,36.3,3.08,-99,2
1,2015,227,14073.66,24.8,33.7,2.84,-99,0
1,2015,228,13338.06,24.2,33.6,2.79,-99,0.4
1,2015,229,23582.3,23.8,37.6,2.73,-99,0
1,2015,230,24069.09,23.2,37.9,2.76,-99,0
1,2015,231,19763.7,22.1,36.1,2.82,-99,0
1,2015,232,22240.92,24.7,36.6,2.46,-99,0
1,2015,233,19287.73,25.1,36.4,2.4,-99,0
1,2015,234,21379.12,24.4,37,2.54,-99,0
1,2015,235,21288.98,25.7,38.7,2.88,-99,0
1,2015,236,20127.89,26.2,38.2,2.68,-99,0
1,2015,237,17506.43,23.2,34.8,2.69,-99,0
1,2015,238,18786.51,24.2,34.1,2.73,-99,0
1,2015,239,15523.21,25.7,33.4,3.11,-99,0
1,2015,240,19532.92,24,38.6,3.04,-99,0
1,2015,241,24234.96,27.6,38.2,3.2,-99,0
1,2015,242,19738.46,26,36,2.51,-99,0
1,2015,243,16961.95,24.6,36.1,2.75,-99,0
1,2015,244,18840.6,24.8,37.3,2.68,-99,0
1,2015,245,21036.57,22.8,36.3,2.6,-99,0
1,2015,246,22911.61,25.2,38,2.56,-99,0
1,2015,247,24415.25,24.1,38.6,2.95,-99,0
1,2015,248,21526.96,24.8,37.6,2.75,-99,0
1,2015,249,16175.87,24.9,35.2,2.99,-99,0.2
1,2015,250,19139.89,22.9,37.6,3.02,-99,0
1,2015,251,24036.64,23.6,37.6,2.82,-99,0
1,2015,252,17030.46,24.9,37.1,3.07,-99,0
1,2015,253,15537.64,24.6,35.8,2.8,-99,0
1,2015,254,12180.58,24.9,37.58,3.81,-99,0
1,2015,255,21115.9,22.8,36.7,2.82,-99,0
1,2015,256,26265.06,21.8,39.1,3.39,-99,0
1,2015,257,24112.36,23.7,38.4,2.59,-99,0
1,2015,258,16850.17,22.2,36.4,2.59,-99,0
1,2015,259,22291.4,23.6,38.8,2.93,-99,0
1,2015,260,19543.74,24.7,34.9,3.11,-99,0
1,2015,261,22886.37,24.3,35.9,3.29,-99,0
1,2015,262,25251.81,23.3,36,3.25,-99,140
1,2015,263,19763.7,24.6,34.8,3.08,-99,22.6
1,2015,264,24696.51,23.6,38.2,3.05,-99,10.2
1,2015,265,24865.99,26.8,39,3.01,-99,0
1,2015,266,17034.07,24.6,37.5,2.98,-99,0
1,2015,267,22359.92,26.3,39.2,3.09,-99,42
1,2015,268,16770.84,24.7,35.6,3,-99,0
1,2015,269,22875.55,22.5,37.9,2.85,-99,0
1,2015,270,22313.04,25.7,38.2,2.99,-99,0
1,2015,271,21887.55,22.6,38.8,2.76,-99,0
1,2015,272,18642.28,24.4,37.6,2.78,-99,22
1,2015,273,22100.29,21.9,36.71,3.37,-99,116.8
1,2015,274,11257.48,23.6,36.16,3.83,-99,122
1,2015,275,21032.96,23.2,33.4,3.21,-99,113.2
1,2015,276,17351.38,24.2,32,3.2,-99,0.4
1,2015,277,17982.41,24.4,34.7,3.22,-99,0
1,2015,278,20582.23,23.9,36.3,3.04,-99,0.4
1,2015,279,20117.07,23.5,36.1,3,-99,0
1,2015,280,22980.12,23.2,36.8,3.09,-99,1.4
1,2015,281,19442.78,25.8,35.3,3.37,-99,0
1,2015,282,18317.75,25.1,34.2,3.24,-99,0
1,2015,283,23946.49,24.2,34.8,3.13,-99,2
1,2015,284,15999.19,23.3,31.7,3.15,-99,55.4
1,2015,285,10330.78,24.1,32.97,3.51,-99,20
1,2015,286,21101.47,23.6,34.2,3.43,-99,0.2
1,2015,287,19565.38,23.1,32.4,3.21,-99,0
1,2015,288,16749.2,21.8,29.9,3.02,-99,0
1,2015,289,14055.63,24.7,32.4,3.35,-99,0
1,2015,290,18498.04,24.8,34.3,3.22,-99,0
1,2015,291,16024.43,24.3,32,2.99,-99,0
1,2015,292,24880.41,23.2,35.9,3.22,-99,0
1,2015,293,24916.47,23.2,37.8,3.05,-99,0
1,2015,294,22042.6,23.2,35.4,2.92,-99,0
1,2015,295,22403.19,24.4,35.4,3.29,-99,0
1,2015,296,18461.99,22.4,30.7,3.03,-99,0
1,2015,297,19915.15,24.1,34.2,3.36,-99,0
1,2015,298,19532.92,23.3,32.8,3.26,-99,0
1,2015,299,17300.9,23.9,33.4,3.29,-99,136.2
1,2015,300,17470.37,23.7,32.8,3.21,-99,0
1,2015,301,20181.98,24.3,34.5,3.27,-99,0
1,2015,302,21912.79,24.9,34.7,3.3,-99,0
1,2015,303,21905.58,24.3,35.2,3.19,-99,0
1,2015,304,20095.44,24.5,35.1,3.32,-99,0
1,2015,305,20585.83,23.8,35.4,3.37,-99,8.6
1,2015,306,14776.8,23.7,29.7,3.09,-99,0
1,2015,307,19038.92,24,32.6,3.21,-99,2.2
1,2015,308,23769.81,23.3,32.6,3.18,-99,70.8
1,2015,309,14542.42,24.7,31.2,3.28,-99,27.2
1,2015,310,19370.66,23.6,33.6,3.2,-99,19.6
1,2015,311,14186.26,23.6,32.07,3.55,-99,16.6
1,2015,312,23311.86,23.1,34.2,3.44,-99,0
1,2015,313,19280.51,24.4,33.2,3.36,-99,0
1,2015,314,22817.86,25.1,35.8,3.5,-99,0
1,2015,315,19060.56,25.1,33.4,3.28,-99,0
1,2015,316,23885.19,25.2,35.3,3.39,-99,0
1,2015,317,20409.15,25.5,34.4,3.33,-99,0
1,2015,318,23178.45,25.1,37.4,3.33,-99,0
1,2015,319,17463.16,25.3,35.2,3.33,-99,0
1,2015,320,21624.32,24.4,36.2,3.26,-99,0
1,2015,321,8985.79,24.8,31.98,3.48,-99,10.2
1,2015,322,13280.37,24.5,32.19,3.35,-99,0
1,2015,323,19623.07,23.8,32.6,3.18,-99,0
1,2015,324,22619.54,24.3,34.4,3.36,-99,0
1,2015,325,18436.74,23.6,33.2,3.2,-99,0
1,2015,326,21058.2,24.7,34.3,3.38,-99,0
1,2015,327,13554.41,25,30.3,3.26,-99,45.4
1,2015,328,22770.98,25.1,34.4,3.47,-99,0
1,2015,329,23405.61,21.7,32.3,3.1,-99,43.6
1,2015,330,20008.9,23.7,33,3.29,-99,11.2
1,2015,331,19698.79,21.5,30.9,3,-99,74.8
1,2015,332,20391.12,24.3,33.1,3.34,-99,17.6
1,2015,333,15429.46,24.8,31.7,3.34,-99,0.4
1,2015,334,15869.37,24.8,32.6,3.39,-99,0
1,2015,335,20686.8,24,35.5,3.26,-99,0
1,2015,336,22478.91,24.2,37.1,3.04,-99,0
1,2015,337,9530.28,22.6,30.3,2.79,-99,0
1,2015,338,16366.98,24.3,32.7,3.3,-99,0.2
1,2015,339,23034.21,23.7,34.8,3.35,-99,0
1,2015,340,21494.51,24.9,34.9,3.45,-99,0
1,2015,341,21768.56,24.7,36.7,3.57,-99,0
1,2015,342,20928.39,23.8,35.5,3.22,-99,0
1,2015,343,20849.06,23.9,35.7,3.35,-99,0
1,2015,344,20192.8,24.7,36.3,3.19,-99,0
1,2015,345,22792.62,23.3,36.4,2.98,-99,0
1,2015,346,22745.74,22.3,37.2,3.02,-99,0
1,2015,347,17463.16,23.6,35.9,3.15,-99,0
1,2015,348,22778.2,24.5,34.9,3.21,-99,0
1,2015,349,15003.97,22.8,36.92,3.85,-99,17
1,2015,350,19031.71,24.1,33,3.3,-99,0
1,2015,351,18959.59,24.9,34.3,3.37,-99,0
1,2015,352,11989.47,24.3,31.7,3.13,-99,0
1,2015,353,14765.98,24.2,33.1,3.2,-99,0
1,2015,354,19489.65,23.6,36,3.18,-99,0
1,2015,355,23387.58,21.2,36.9,2.95,-99,0
1,2015,356,22475.3,22.3,37.5,3.07,-99,0
1,2015,357,23127.96,23.4,38,3.2,-99,0
1,2015,358,23549.85,22.8,37.7,2.94,-99,0
1,2015,359,22471.7,22.3,37.6,2.95,-99,0
1,2015,360,23066.66,22.2,38.3,2.98,-99,0
1,2015,361,23185.66,23.8,38.8,3.02,-99,0
1,2015,362,17906.68,23.6,36.6,2.95,-99,0
1,2015,363,22067.84,22.3,38.2,3.02,-99,0
1,2015,364,17751.63,23.8,37.4,3.03,-99,0
1,2015,365,24267.41,25.1,38.3,2.87,-99,0
1,2016,1,22655.6,23.9,38.6,2.77,-99,0
1,2016,2,13536.39,24,34.3,2.94,-99,0
1,2016,3,20769.73,22.4,37.2,3.24,-99,0
1,2016,4,17044.88,25.2,35.2,3.21,-99,0
1,2016,5,22186.83,24.7,37.3,3.31,-99,0
1,2016,6,18602.61,24.2,32.1,3.13,-99,7.4
1,2016,7,17874.23,25.1,36.2,3.6,-99,0
1,2016,8,17131.42,26.3,34.3,3.56,-99,0
1,2016,9,22370.73,24.7,36.9,3.45,-99,0
1,2016,10,18580.98,25,35.3,3.28,-99,5.4
1,2016,11,16435.49,25.9,34.3,3.04,-99,0
1,2016,12,17246.81,24.2,34.6,3.01,-99,0
1,2016,13,23557.06,24.8,35.3,3.05,-99,0
1,2016,14,21739.71,25.3,35.6,3.1,-99,0
1,2016,15,22374.34,24.7,37.2,3.26,-99,0
1,2016,16,21440.42,25.7,37.3,3.26,-99,0
1,2016,17,21678.41,27.6,37.1,3.26,-99,0
1,2016,18,22558.24,25.2,36.9,3.06,-99,0
1,2016,19,23275.8,24.4,36.3,2.96,-99,0
1,2016,20,23106.33,25.3,36.7,2.95,-99,0
1,2016,21,19493.26,25.3,37.2,3.06,-99,0
1,2016,22,20863.49,25.8,36.9,3.24,-99,0
1,2016,23,21353.88,25.3,37.6,3.3,-99,0
1,2016,24,21819.04,25.5,36.6,3.14,-99,0
1,2016,25,20629.1,26.1,35.8,3.03,-99,0
1,2016,26,20495.69,26,36.7,3.17,-99,0
1,2016,27,21887.55,25.4,38.2,3.18,-99,0
1,2016,28,22594.3,25.3,37.7,2.97,-99,0
1,2016,29,19193.97,25.51,36.9,3.06,-99,0
1,2016,30,21710.86,23.8,36,3.01,-99,0
1,2016,31,22446.46,25.2,36.7,2.92,-99,0
1,2016,32,22038.99,25.4,37.9,2.99,-99,0
1,2016,33,22049.81,24.5,38.1,2.93,-99,0
1,2016,34,20813,26.8,38.5,3.17,-99,0
1,2016,35,17311.72,22.8,34.3,3.08,-99,2
1,2016,36,8520.64,25.1,36.68,3.8,-99,0
1,2016,37,20481.26,24,35.3,3.16,-99,0
1,2016,38,18678.34,24.6,37.2,3.18,-99,0
1,2016,39,17936.97,26.2,36.43,3.92,-99,3.8
1,2016,40,17524.46,24.3,36.3,3.41,-99,0
1,2016,41,15735.96,24.1,34.6,3.32,-99,1.6
1,2016,42,24307.08,25.2,38.3,3.29,-99,0
1,2016,43,18826.18,26.4,35.7,3.2,-99,0
1,2016,44,19139.89,24.7,37.5,3.18,-99,0
1,2016,45,20679.59,25.6,38.2,3.21,-99,0
1,2016,46,18004.04,24.8,37.1,3,-99,0
1,2016,47,22377.95,27.1,39.3,2.99,-99,0
1,2016,48,23286.62,25.8,39.1,3.2,-99,0
1,2016,49,16435.49,27.3,34.9,3.33,-99,0
1,2016,50,23430.86,25.7,37.4,3.55,-99,4
1,2016,51,21653.17,27.5,37.8,3.46,-99,0
1,2016,52,17870.62,24.5,37.13,3.81,-99,17.2
1,2016,53,14495.54,24.8,39.07,4.27,-99,0.2
1,2016,54,21959.67,25.6,36.9,3.52,-99,0
1,2016,55,20773.34,25.6,35.8,3.42,-99,0
1,2016,56,15115.75,25.7,33.5,3.25,-99,0
1,2016,57,17600.19,25.5,35.2,3.28,-99,0
1,2016,58,23903.22,26.1,37.6,3.38,-99,0
1,2016,59,22121.93,27.2,36.9,3.39,-99,0
1,2016,60,21678.41,26,36.6,3.35,-99,0
1,2016,61,14412.61,26.7,35.7,3.41,-99,0
1,2016,62,12634.92,23.8,35.56,3.82,-99,11.2
1,2016,63,21685.62,25.1,34.1,3.45,-99,2.6
1,2016,64,12184.19,24.9,31.6,3.4,-99,10.6
1,2016,65,21638.74,23.3,33.4,3.36,-99,0
1,2016,66,20358.67,26.6,33.8,3.42,-99,0.4
1,2016,67,19428.35,25.4,34,3.34,-99,0
1,2016,68,20769.73,24.9,33.2,3.27,-99,0.2
1,2016,69,20903.15,25.5,34.4,3.47,-99,5.4
1,2016,70,22111.11,24,35.7,3.46,-99,10.8
1,2016,71,18029.28,24.9,33.3,3.45,-99,0
1,2016,72,19825,23.3,33.4,3.35,-99,11.2
1,2016,73,11513.28,23.7,35.37,3.91,-99,10
1,2016,74,19056.95,23.8,31.9,3.27,-99,0
1,2016,75,16925.89,23.7,32.1,3.23,-99,5
1,2016,76,24884.02,24.2,36.1,3.42,-99,0
1,2016,77,19208.4,22.8,33.6,3.21,-99,6.2
1,2016,78,19579.8,22.8,32.8,3.28,-99,0
1,2016,79,20044.96,25.3,35.3,3.5,-99,0
1,2016,80,21512.54,25.7,37.2,3.66,-99,0
1,2016,81,19605.04,23.2,33.3,3.19,-99,0.6
1,2016,82,19093.01,24.9,34.6,3.5,-99,0.4
1,2016,83,12054.38,25.6,33.2,3.4,-99,0
1,2016,84,25158.06,23.9,37.6,3.42,-99,0
1,2016,85,24490.98,25.3,37.9,3.45,-99,0
1,2016,86,22969.31,24.9,38.2,3.3,-99,0
1,2016,87,22031.78,25.8,38.3,3.45,-99,0
1,2016,88,22482.52,23.7,35.3,3.35,-99,0.8
1,2016,89,18620.64,25.7,34.6,3.47,-99,0
1,2016,90,17607.4,25.2,35,3.44,-99,0
1,2016,91,15743.17,21.9,33.45,3.38,-99,45
1,2016,92,23394.8,25.2,34.2,3.55,-99,6.4
1,2016,93,12577.23,22.6,33.77,3.54,-99,38.2
1,2016,94,21984.91,25,33.4,3.41,-99,4.6
1,2016,95,9025.46,24,35.73,3.93,-99,0
1,2016,96,21833.46,23.9,33.7,3.39,-99,0
1,2016,97,20636.32,23.2,31.9,3.25,-99,23.4
1,2016,98,25529.46,25.5,35.1,3.6,-99,0
1,2016,99,21808.22,26.2,35.2,3.73,-99,0
1,2016,100,12162.55,24,30.2,3.2,-99,3
1,2016,101,18851.42,25.1,32.9,3.5,-99,1.8
1,2016,102,22139.96,24.6,35.3,3.64,-99,0
1,2016,103,11852.14,23.2,35.05,3.91,-99,46
1,2016,104,14646.99,23,29.5,3.07,-99,0
1,2016,105,24029.43,23.4,33.6,3.35,-99,0
1,2016,106,23174.84,25.3,35.7,3.65,-99,1.2
1,2016,107,24202.51,25.6,35.4,3.58,-99,0
1,2016,108,12638.53,23.7,30.3,3.22,-99,5.4
1,2016,109,20351.45,24.9,33.6,3.49,-99,0
1,2016,110,23960.92,24.4,35.2,3.48,-99,0
1,2016,111,18447.56,24.7,33.3,3.31,-99,0
1,2016,112,23953.7,22.6,35.9,3.36,-99,0
1,2016,113,15468.66,24.1,34.91,3.71,-99,0.2
1,2016,114,18400.69,22.3,32.4,3.02,-99,0
1,2016,115,10089.19,23.8,31.7,3.37,-99,3.6
1,2016,116,23683.27,23.1,32.9,3.25,-99,0.2
1,2016,117,21256.52,24.9,34.9,3.5,-99,0
1,2016,118,18653.1,22,29.8,3.02,-99,69.4
1,2016,119,14257.56,22.7,28.4,2.96,-99,1.2
1,2016,120,25767.45,24.4,33.9,3.4,-99,0
1,2016,121,14293.62,24.6,32.4,3.4,-99,0
1,2016,122,16749.2,24.7,31.8,3.24,-99,0
1,2016,123,21999.33,24.6,33.8,3.41,-99,0
1,2016,124,20564.2,23.6,33.4,3.42,-99,1.2
1,2016,125,18815.36,23.7,32.1,3.24,-99,0
1,2016,126,22150.78,24.5,34.6,3.38,-99,0.2
1,2016,127,21692.83,24.8,35.4,3.44,-99,0
1,2016,128,20841.85,23.3,33.1,3.21,-99,0.4
1,2016,129,18912.72,22.2,31.9,3.19,-99,14
1,2016,130,16723.96,23.3,30.9,3.2,-99,17.2
1,2016,131,12699.83,23.5,28.7,3.08,-99,14
1,2016,132,21844.28,23.1,32.1,3.22,-99,0
1,2016,133,20484.87,24.2,32.7,3.35,-99,0
1,2016,134,12923.39,24.5,31.7,3.34,-99,0.2
1,2016,135,19835.82,22.5,33.9,3.23,-99,0.2
1,2016,136,23831.11,24.6,35.9,3.28,-99,0
1,2016,137,19410.33,23.7,34.6,3.16,-99,0
1,2016,138,20877.91,24.1,34.3,3.19,-99,0
1,2016,139,12840.45,24.8,33.2,3.23,-99,0
1,2016,140,19760.09,24.7,33.1,3.42,-99,1.8
1,2016,141,16125.39,23.6,33.6,3.32,-99,0
1,2016,142,22688.05,24.6,35.6,3.23,-99,0
1,2016,143,21083.44,25.3,37.1,3.34,-99,0
1,2016,144,23795.05,23.8,35.4,2.9,-99,0
1,2016,145,19399.51,24.1,33.7,3.08,-99,0.6
1,2016,146,21519.75,22.8,35.7,3.26,-99,0
1,2016,147,14059.23,24.1,29.9,3.09,-99,1.2
1,2016,148,23142.39,23.2,34.4,3.26,-99,0
1,2016,149,11019.5,24.2,29.8,3.03,-99,0.6
1,2016,150,14196.26,23.3,31.9,3.13,-99,0
1,2016,151,25460.95,23.9,35.7,3.34,-99,0
1,2016,152,11780.62,22.2,34.46,3.71,-99,33.4
1,2016,153,14185.44,22.8,29.9,3.07,-99,0
1,2016,154,14892.19,24.2,31.1,3.3,-99,0
1,2016,155,13576.05,23.2,31.2,3.23,-99,0
1,2016,156,21216.86,22.4,33.2,3.23,-99,0
1,2016,157,23978.95,24,35,3.37,-99,0
1,2016,158,14646.99,22.8,29.6,3.07,-99,4.2
1,2016,159,14884.98,23.7,31.3,3.23,-99,0
1,2016,160,16594.15,23.4,32.2,3.26,-99,0
1,2016,161,20026.93,24.2,33.1,3.35,-99,0
1,2016,162,14239.53,23.8,30.5,3.07,-99,0.6
1,2016,163,23820.29,23.2,35.2,3.28,-99,0.2
1,2016,164,21728.89,22.3,33.7,2.97,-99,0
1,2016,165,19907.93,22.2,32.7,2.8,-99,0
1,2016,166,16882.62,22.9,33.6,3.02,-99,0
1,2016,167,21036.57,24,34.3,2.95,-99,0
1,2016,168,23867.16,24,34.6,2.79,-99,0
1,2016,169,16810.5,23.7,34,2.92,-99,0
1,2016,170,16514.82,23.2,32.9,3.03,-99,0
1,2016,171,15223.93,24.4,33.8,3.1,-99,0
1,2016,172,19356.24,23.1,33.4,3.09,-99,2
1,2016,173,18685.55,23.4,34.6,3.02,-99,0
1,2016,174,21642.35,22.5,34.4,2.92,-99,0
1,2016,175,14322.46,23.2,32.1,3.08,-99,1
1,2016,176,16608.57,22.8,33.8,3.29,-99,0.6
1,2016,177,22287.8,23.2,34.2,3.16,-99,0
1,2016,178,19381.48,21.3,30.7,2.95,-99,34.8
1,2016,179,24609.97,22.3,35.1,3,-99,0
1,2016,180,21357.49,25,35.5,2.85,-99,0
1,2016,181,19752.88,24.6,35,2.85,-99,0
1,2016,182,18739.64,23.2,35,2.99,-99,0
1,2016,183,14041.21,23.4,33,3.09,-99,1.2
1,2016,184,15162.63,22.5,32.8,3.05,-99,0.2
1,2016,185,16125.39,23.9,32,3.11,-99,0.8
1,2016,186,17892.26,24.3,33.2,3.29,-99,0
1,2016,187,16269.62,23.8,32.5,3.06,-99,0.8
1,2016,188,15292.44,22.7,29.3,2.98,-99,19.2
1,2016,189,22850.31,22.3,34.7,3,-99,0
1,2016,190,21577.45,23.7,34.9,2.77,-99,0
1,2016,191,24314.29,22.2,36.7,2.94,-99,0
1,2016,192,17625.43,24.9,34.7,2.97,-99,0
1,2016,193,19929.57,22.5,35.2,2.98,-99,0
1,2016,194,17690.33,21.4,33.6,2.94,-99,0
1,2016,195,17823.75,24.3,34.2,3.25,-99,0
1,2016,196,18530.5,22.7,33.6,3.02,-99,0
1,2016,197,18494.44,24,32.4,2.74,-99,0
1,2016,198,9537.49,23.4,31.6,3.25,-99,2.6
1,2016,199,19850.24,21.8,33.5,3.24,-99,0.2
1,2016,200,17585.76,22.3,30.1,2.81,-99,2.2
1,2016,201,17794.9,21.1,33.6,3.01,-99,0
1,2016,202,17434.32,23.3,32.6,3.07,-99,0.4
1,2016,203,15360.95,21.6,33,3.11,-99,1.4
1,2016,204,16875.41,23.4,32,2.69,-99,0
1,2016,205,22944.06,21.6,35.4,2.94,-99,0
1,2016,206,20621.89,23.8,32.9,3.08,-99,0
1,2016,207,20928.39,21.9,32.9,2.89,-99,0
1,2016,208,25464.56,22.4,37.1,3,-99,0
1,2016,209,13128.92,23.3,33.7,2.96,-99,2
1,2016,210,19338.21,21.3,34.4,2.73,-99,0
1,2016,211,19013.68,24.3,35.3,2.81,-99,0
1,2016,212,23845.53,23.1,36.7,3.01,-99,0
1,2016,213,21206.04,23.2,35,2.7,-99,0
1,2016,214,17416.29,22.8,34.8,2.52,-99,0
1,2016,215,15353.74,23.5,33.5,2.49,-99,0
1,2016,216,16684.3,23.3,35,2.67,-99,0
1,2016,217,16756.41,23,34.6,2.85,-99,0
1,2016,218,23167.63,23.8,36,3.1,-99,0
1,2016,219,21519.75,23.7,38.3,3.11,-99,0
1,2016,220,17668.7,23,37,2.83,-99,0
1,2016,221,13561.63,24.6,34.2,2.88,-99,0
1,2016,222,17589.37,22.5,35.8,3.16,-99,0.4
1,2016,223,22933.25,23.2,37.3,3.05,-99,0
1,2016,224,23081.09,25.6,36.8,2.74,-99,0
1,2016,225,24815.5,24.3,37.3,2.87,-99,0
1,2016,226,17967.98,26.1,35.7,3.07,-99,0.2
1,2016,227,23787.84,25.3,37.8,2.75,-99,0
1,2016,228,17477.59,24.2,35.4,3.04,-99,0
1,2016,229,20881.51,24.4,37.3,3.12,-99,0
1,2016,230,13244.31,24.9,33.1,2.76,-99,0
1,2016,231,16659.06,23.8,33.8,2.84,-99,0.2
1,2016,232,22118.32,21.6,36.8,2.88,-99,0
1,2016,233,22284.19,23.1,38.1,2.79,-99,0
1,2016,234,21941.64,24.3,36.4,2.57,-99,0
1,2016,235,16705.93,22.7,34.3,2.65,-99,1.6
1,2016,236,22612.33,21.7,37.9,2.72,-99,0
1,2016,237,23430.86,24.2,36.3,2.35,-99,0
1,2016,238,21548.6,25.2,37.8,3.04,-99,0
1,2016,239,18800.94,25.6,35.2,2.33,-99,0
1,2016,240,16969.16,25.6,34.8,2.94,-99,0
1,2016,241,19280.51,24.7,35.5,3.01,-99,0
1,2016,242,21321.43,24.2,37,3.21,-99,0
1,2016,243,17791.3,25.5,37.6,4.02,-99,43.6
1,2016,244,15267.2,23.7,32.9,3.19,-99,0
1,2016,245,21040.17,22.7,32.1,3,-99,1
1,2016,246,19734.85,23.2,32.8,3.06,-99,0
1,2016,247,22561.84,23.9,35.4,3.32,-99,0
1,2016,248,22284.19,25.4,36.7,3.33,-99,0
1,2016,249,25035.46,23.6,35.8,2.98,-99,0
1,2016,250,18382.66,24.3,34.1,2.89,-99,0
1,2016,251,11311.57,23.9,36.96,3.87,-99,2.2
1,2016,252,23409.22,21.2,34.7,3.05,-99,0
1,2016,253,22724.11,24.7,37.7,3.3,-99,0
1,2016,254,17394.65,23.4,35.6,3.26,-99,0.2
1,2016,255,16767.23,23.5,34.5,3.05,-99,0.2
1,2016,256,20823.82,24.9,36.1,2.93,-99,0
1,2016,257,21981.3,24.6,34.1,3.05,-99,0
1,2016,258,17008.82,22.3,32.3,3.17,-99,8.8
1,2016,259,18739.64,22,32.2,3.12,-99,0.2
1,2016,260,25295.08,22.6,34.7,3.16,-99,0
1,2016,261,26131.64,23.2,37.6,3.14,-99,0
1,2016,262,21627.93,24.8,34.3,3.14,-99,0.2
1,2016,263,15786.44,23.7,33.4,2.92,-99,0
1,2016,264,19900.72,23.6,37.9,2.99,-99,0
1,2016,265,18815.36,24.6,34.9,2.6,-99,0
1,2016,266,24180.87,21.1,35.5,2.81,-99,0
1,2016,267,14131.35,24.2,32.2,3.2,-99,15.4
1,2016,268,13741.92,23.8,32.3,3.13,-99,1.2
1,2016,269,18310.54,23.4,33.8,3.11,-99,0.8
1,2016,270,25053.49,23.5,35.9,3.14,-99,0
1,2016,271,24732.57,23.7,37.5,3.09,-99,0
1,2016,272,14733.53,25.6,32.2,3.22,-99,5.8
1,2016,273,20625.5,23.2,35.4,3.2,-99,0
1,2016,274,25237.39,24.9,36.7,3.37,-99,0
1,2016,275,11527.92,23,35.43,3.63,-99,3.2
1,2016,276,19673.55,21.7,29.9,2.94,-99,28
1,2016,277,21263.74,22.5,32.1,3.14,-99,0.2
1,2016,278,25713.36,24.1,35.3,3.37,-99,0.2
1,2016,279,15728.75,20.6,29.6,2.83,-99,19.4
1,2016,280,25201.33,23.8,34.7,3.29,-99,0
1,2016,281,18768.48,21.5,31.2,2.99,-99,9
1,2016,282,23142.39,23.8,33.1,3.21,-99,0
1,2016,283,15483.55,22.7,31.3,3.16,-99,7
1,2016,284,16817.71,23.9,30.3,3.15,-99,0.6
1,2016,285,16092.94,24.6,32.1,3.35,-99,0.6
1,2016,286,9378.83,23.6,28.1,3.05,-99,14
1,2016,287,24408.04,21.9,32.7,3.13,-99,0
1,2016,288,18746.85,21.6,30.8,3.04,-99,34.4
1,2016,289,23254.17,24.6,34,3.33,-99,0.2
1,2016,290,26726.61,22.8,34.4,3.16,-99,0
1,2016,291,26019.86,23.9,34,3.27,-99,0
1,2016,292,13356.09,24.5,30.9,3.23,-99,0
1,2016,293,24624.39,22.6,34.2,3.19,-99,0
1,2016,294,11116.86,24.6,30.4,3.17,-99,0.6
1,2016,295,23340.71,22.9,33.5,3.28,-99,0.2
1,2016,296,18793.72,22.3,32.6,3.2,-99,4.4
1,2016,297,18671.12,21.6,30.3,3.01,-99,24
1,2016,298,23881.59,23.6,33.6,3.35,-99,0
1,2016,299,12844.06,23.8,29.1,3.04,-99,0
1,2016,300,22136.35,23.3,31.8,3.11,-99,0
1,2016,301,20733.67,24.3,32.5,3.19,-99,0
1,2016,302,19064.16,24.2,34.3,3.38,-99,1.2
1,2016,303,11744.27,23.1,29.3,3.07,-99,2
1,2016,304,24801.08,22.4,33.3,3.1,-99,0.2
1,2016,305,20499.29,23.4,34.1,3.33,-99,0
1,2016,306,20113.47,22.5,31.7,3.05,-99,1
1,2016,307,24065.49,22.8,33.1,3.03,-99,0
1,2016,308,21761.34,23.8,33.5,3.15,-99,0
1,2016,309,12483.48,24.7,30.2,3.16,-99,12.6
1,2016,310,19655.52,23.2,34.6,3.03,-99,0
1,2016,311,20214.43,23.1,34.2,3.13,-99,0
1,2016,312,22533,24.6,33.1,3.18,-99,0
1,2016,313,21577.45,23.5,33.1,3.1,-99,0
1,2016,314,19561.77,25.2,32.6,3.33,-99,0
1,2016,315,21465.66,24.6,32.5,3.34,-99,2.6
1,2016,316,12279.67,22.6,33.35,3.64,-99,29.8
1,2016,317,24930.89,22,31.8,3.06,-99,0
1,2016,318,22738.53,23.7,33.4,3.3,-99,0
1,2016,319,17841.78,22.3,32.6,3.2,-99,18.2
1,2016,320,20852.67,22.7,31.7,3.07,-99,0
1,2016,321,20510.11,22.2,32.3,3.05,-99,0
1,2016,322,21959.67,23.7,32.2,3.14,-99,0
1,2016,323,17538.89,22.9,32.3,3.15,-99,19
1,2016,324,12110.07,21.3,33.55,3.62,-99,55
1,2016,325,10431.74,21.3,28.7,2.91,-99,0
1,2016,326,19821.39,22.7,31.9,3.19,-99,0
1,2016,327,22569.06,23,32.2,3.13,-99,0
1,2016,328,13749.13,24.1,30.9,3.21,-99,0
1,2016,329,9645.67,24.7,29.6,3.27,-99,0
1,2016,330,11506.29,23.6,30.2,3.23,-99,2
1,2016,331,19017.29,22.3,31.6,3.19,-99,0.4
1,2016,332,19482.44,23.6,32.2,3.27,-99,0
1,2016,333,13814.04,24.3,31.8,3.38,-99,0.4
1,2016,334,8610.79,23.6,26.8,2.99,-99,17.6
1,2016,335,22572.66,22.8,33.4,3.43,-99,0.2
1,2016,336,18685.55,23.2,32.1,3.06,-99,0
1,2016,337,21847.88,22.6,32.1,3.11,-99,0
1,2016,338,12635.54,21.4,37.55,4.15,-99,32.2
1,2016,339,21804.61,21.9,31.9,3.2,-99,1.6
1,2016,340,12047.17,22.6,28.9,3.06,-99,29.4
1,2016,341,21797.4,22.2,33.2,3.28,-99,4.4
1,2016,342,15346.53,22.3,29.4,3.03,-99,27.6
1,2016,343,23012.58,23.1,32.7,3.28,-99,0.2
1,2016,344,22201.26,23.8,32,3.17,-99,0
1,2016,345,19911.54,22.7,31.3,3.16,-99,5.2
1,2016,346,21790.19,24,32.6,3.27,-99,0
1,2016,347,18707.18,22.9,31.1,3.17,-99,11.8
1,2016,348,16071.3,23.2,31.9,3.23,-99,0
1,2016,349,22807.04,23.8,32.9,3.25,-99,0
1,2016,350,21905.58,22.7,31.7,3.2,-99,4.2
1,2016,351,18901.9,24.2,32.4,3.43,-99,25.8
1,2016,352,18876.66,21.9,31.3,3.12,-99,10.8
1,2016,353,21721.68,24,33.8,3.49,-99,0
1,2016,354,20412.75,24.2,32.7,3.38,-99,0
1,2016,355,10575.98,23.7,29.2,3.11,-99,0
1,2016,356,8744.2,23.1,27.6,2.94,-99,4
1,2016,357,21833.46,23.1,31.9,3.17,-99,0
1,2016,358,18645.88,23.5,31.3,3.14,-99,0
1,2016,359,20813,23.2,33.1,3.25,-99,0
1,2016,360,17026.85,22.7,30.7,3.12,-99,2
1,2016,361,19244.46,23.9,33.1,3.41,-99,0
1,2016,362,21429.6,24.3,33.6,3.42,-99,0
1,2016,363,21790.19,24.2,33.9,3.33,-99,0
1,2016,364,20138.71,24.1,34.7,3.47,-99,0
1,2016,365,11841.63,24,31,3.24,-99,0
1,2016,366,13695.04,24.2,29.6,3.18,-99,13
